-0.1571,0.0002,0.9805,	0.55,-4.39,-2.44,	18.0769		0.000000,0.000000,	15:29:55:0
-0.1555,0.0002,0.9779,	0.55,-4.46,-2.56,	18.0865		0.000000,0.000000,	15:29:55:0
-0.1567,0.0004,0.9792,	0.55,-4.33,-2.56,	18.0962		0.000000,0.000000,	15:29:55:0
-0.1550,0.0005,0.9791,	0.55,-4.39,-2.50,	18.1058		0.000000,0.000000,	15:29:55:0
-0.1566,0.0004,0.9791,	0.55,-4.39,-2.50,	18.1154		0.000000,0.000000,	15:29:55:0
-0.1561,0.0001,0.9790,	0.55,-4.46,-2.56,	18.1250		0.000000,0.000000,	15:29:55:0
-0.1571,0.0004,0.9796,	0.55,-4.39,-2.50,	18.1346		0.000000,0.000000,	15:29:55:20
-0.1559,0.0011,0.9780,	0.55,-4.33,-2.44,	18.1442		0.000000,0.000000,	15:29:55:20
-0.1559,0.0015,0.9786,	0.55,-4.39,-2.56,	18.1538		0.000000,0.000000,	15:29:55:20
-0.1550,0.0015,0.9802,	0.55,-4.39,-2.62,	18.1635		0.000000,0.000000,	15:29:55:20
-0.1573,-0.0007,0.9794,	0.55,-4.39,-2.56,	18.1731		0.000000,0.000000,	15:29:55:20
-0.1550,0.0005,0.9794,	0.55,-4.39,-2.50,	18.1827		0.000000,0.000000,	15:29:55:20
-0.1558,0.0001,0.9784,	0.49,-4.39,-2.56,	18.1923		0.000000,0.000000,	15:29:55:20
-0.1554,0.0004,0.9769,	0.55,-4.33,-2.50,	18.2019		0.000000,0.000000,	15:29:55:40
-0.1558,0.0006,0.9788,	0.55,-4.46,-2.56,	18.2115		0.000000,0.000000,	15:29:55:40
-0.1566,0.0005,0.9799,	0.55,-4.46,-2.50,	18.2212		0.000000,0.000000,	15:29:55:40
-0.1566,0.0017,0.9791,	0.55,-4.39,-2.62,	18.2308		0.000000,0.000000,	15:29:55:40
-0.1562,0.0007,0.9801,	0.55,-4.39,-2.56,	18.2404		0.000000,0.000000,	15:29:55:40
-0.1558,0.0020,0.9789,	0.55,-4.46,-2.56,	18.2500		0.000000,0.000000,	15:29:55:60
-0.1558,0.0022,0.9780,	0.55,-4.46,-2.56,	18.2596		0.000000,0.000000,	15:29:55:60
-0.1570,0.0009,0.9778,	0.55,-4.52,-2.50,	18.2692		0.000000,0.000000,	15:29:58:0
-0.1577,0.0016,0.9792,	0.55,-4.39,-2.56,	18.2788		0.000000,0.000000,	15:29:58:0
-0.1560,-0.0007,0.9795,	0.55,-4.46,-2.56,	18.2885		0.000000,0.000000,	15:29:58:0
-0.1564,-0.0011,0.9792,	0.55,-4.39,-2.56,	18.2981		0.000000,0.000000,	15:29:58:0
-0.1565,0.0007,0.9797,	0.49,-4.39,-2.50,	18.3077		0.000000,0.000000,	15:29:58:0
-0.1570,0.0002,0.9792,	0.55,-4.46,-2.56,	18.3173		0.000000,0.000000,	15:29:58:20
-0.1559,0.0010,0.9788,	0.55,-4.46,-2.56,	18.3269		0.000000,0.000000,	15:29:58:20
-0.1567,0.0006,0.9795,	0.55,-4.33,-2.56,	18.3365		0.000000,0.000000,	15:29:58:20
-0.1555,0.0006,0.9796,	0.55,-4.39,-2.56,	18.3462		0.000000,0.000000,	15:29:58:20
-0.1566,0.0000,0.9802,	0.55,-4.39,-2.50,	18.3558		0.000000,0.000000,	15:29:58:20
-0.1564,-0.0009,0.9789,	0.55,-4.39,-2.56,	18.3654		0.000000,0.000000,	15:29:58:20
-0.1564,0.0010,0.9799,	0.49,-4.46,-2.56,	18.3750		0.000000,0.000000,	15:29:58:40
-0.1558,0.0006,0.9800,	0.55,-4.46,-2.44,	18.3846		0.000000,0.000000,	15:29:58:40
-0.1562,0.0007,0.9786,	0.61,-4.39,-2.50,	18.3942		0.000000,0.000000,	15:29:58:40
-0.1569,0.0004,0.9803,	0.55,-4.46,-2.50,	18.4038		0.000000,0.000000,	15:29:58:40
-0.1560,0.0001,0.9781,	0.55,-4.33,-2.50,	18.4135		0.000000,0.000000,	15:29:58:40
-0.1553,0.0021,0.9794,	0.55,-4.39,-2.50,	18.4231		0.000000,0.000000,	15:29:58:40
-0.1561,0.0007,0.9789,	0.55,-4.33,-2.50,	18.4327		0.000000,0.000000,	15:29:58:40
-0.1572,0.0018,0.9806,	0.49,-4.39,-2.50,	18.4423		0.000000,0.000000,	15:29:58:60
-0.1558,0.0005,0.9789,	0.49,-4.39,-2.50,	18.4519		0.000000,0.000000,	15:29:58:60
-0.1556,0.0005,0.9788,	0.55,-4.46,-2.50,	18.4615		0.000000,0.000000,	15:29:58:60
-0.1564,0.0012,0.9784,	0.55,-4.46,-2.56,	18.4712		0.000000,0.000000,	15:29:58:60
-0.1543,0.0015,0.9788,	0.55,-4.39,-2.56,	18.4808		0.000000,0.000000,	15:29:58:60
-0.1566,0.0000,0.9792,	0.49,-4.39,-2.56,	18.4904		0.000000,0.000000,	15:29:58:80
-0.1554,0.0006,0.9789,	0.61,-4.39,-2.56,	18.5000		0.000000,0.000000,	15:29:58:80
-0.1561,0.0005,0.9797,	0.55,-4.46,-2.56,	18.5096		0.000000,0.000000,	15:29:58:80
-0.1556,0.0012,0.9802,	0.55,-4.39,-2.50,	18.5192		0.000000,0.000000,	15:29:58:80
-0.1565,0.0006,0.9789,	0.55,-4.39,-2.50,	18.5288		0.000000,0.000000,	15:29:58:80
-0.1567,-0.0004,0.9797,	0.55,-4.39,-2.50,	18.5385		0.000000,0.000000,	15:29:58:80
-0.1555,0.0010,0.9786,	0.55,-4.39,-2.50,	18.5481		0.000000,0.000000,	15:29:59:0
-0.1552,0.0010,0.9791,	0.55,-4.39,-2.50,	18.5577		0.000000,0.000000,	15:29:59:0
-0.1552,0.0012,0.9808,	0.55,-4.46,-2.50,	18.5673		0.000000,0.000000,	15:29:59:0
-0.1576,0.0004,0.9792,	0.55,-4.39,-2.56,	18.5769		0.000000,0.000000,	15:29:59:0
-0.1562,0.0009,0.9800,	0.55,-4.46,-2.56,	18.5865		0.000000,0.000000,	15:29:59:0
-0.1567,0.0007,0.9811,	0.55,-4.39,-2.56,	18.5962		0.000000,0.000000,	15:29:59:0
-0.1564,0.0002,0.9813,	0.55,-4.39,-2.56,	18.6058		0.000000,0.000000,	15:29:59:20
-0.1561,0.0006,0.9799,	0.49,-4.39,-2.56,	18.6154		0.000000,0.000000,	15:29:59:20
-0.1564,0.0009,0.9786,	0.55,-4.39,-2.56,	18.6250		0.000000,0.000000,	15:29:59:20
-0.1555,0.0012,0.9783,	0.55,-4.46,-2.50,	18.6346		0.000000,0.000000,	15:29:59:20
-0.1554,-0.0002,0.9788,	0.55,-4.39,-2.56,	18.6442		0.000000,0.000000,	15:29:59:20
-0.1553,0.0011,0.9789,	0.55,-4.46,-2.56,	18.6538		0.000000,0.000000,	15:29:59:40
-0.1569,0.0000,0.9792,	0.61,-4.39,-2.62,	18.6635		0.000000,0.000000,	15:29:59:40
-0.1555,0.0010,0.9797,	0.55,-4.46,-2.56,	18.6731		0.000000,0.000000,	15:29:59:40
-0.1558,0.0006,0.9795,	0.49,-4.39,-2.50,	18.6827		0.000000,0.000000,	15:29:59:40
-0.1558,0.0000,0.9789,	0.55,-4.46,-2.50,	18.6923		0.000000,0.000000,	15:29:59:60
-0.1578,0.0007,0.9786,	0.55,-4.46,-2.50,	18.7019		0.000000,0.000000,	15:29:59:60
-0.1561,-0.0004,0.9794,	0.55,-4.46,-2.50,	18.7115		0.000000,0.000000,	15:29:59:60
-0.1576,0.0005,0.9807,	0.49,-4.46,-2.50,	18.7212		0.000000,0.000000,	15:29:59:60
-0.1553,0.0010,0.9763,	0.61,-4.39,-2.56,	18.7308		0.000000,0.000000,	15:29:59:60
-0.1556,0.0010,0.9786,	0.55,-4.46,-2.56,	18.7404		0.000000,0.000000,	15:29:59:60
-0.1571,-0.0009,0.9784,	0.55,-4.39,-2.44,	18.7500		0.000000,0.000000,	15:29:59:80
-0.1553,-0.0005,0.9781,	0.55,-4.33,-2.50,	18.7596		0.000000,0.000000,	15:29:59:80
-0.1553,0.0006,0.9796,	0.55,-4.39,-2.50,	18.7692		0.000000,0.000000,	15:29:59:80
-0.1567,-0.0006,0.9799,	0.55,-4.39,-2.50,	18.7788		0.000000,0.000000,	15:29:59:80
-0.1550,0.0010,0.9791,	0.49,-4.39,-2.56,	18.7885		0.000000,0.000000,	15:29:59:80
-0.1561,0.0001,0.9796,	0.49,-4.39,-2.56,	18.7981		0.000000,0.000000,	15:29:59:80
-0.1556,0.0004,0.9790,	0.49,-4.39,-2.56,	18.8077		0.000000,0.000000,	15:30:0:0
-0.1556,0.0010,0.9789,	0.49,-4.39,-2.62,	18.8173		0.000000,0.000000,	15:30:0:0
-0.1552,0.0005,0.9790,	0.55,-4.39,-2.56,	18.8269		0.000000,0.000000,	15:30:0:0
-0.1569,0.0004,0.9799,	0.55,-4.39,-2.50,	18.8365		0.000000,0.000000,	15:30:0:0
-0.1571,0.0005,0.9788,	0.61,-4.39,-2.50,	18.8462		0.000000,0.000000,	15:30:0:0
-0.1556,-0.0004,0.9819,	0.55,-4.46,-2.56,	18.8558		0.000000,0.000000,	15:30:0:0
-0.1550,0.0006,0.9794,	0.55,-4.39,-2.44,	18.8654		0.000000,0.000000,	15:30:0:20
-0.1564,0.0016,0.9791,	0.55,-4.46,-2.62,	18.8750		0.000000,0.000000,	15:30:0:20
-0.1570,0.0010,0.9810,	0.55,-4.46,-2.50,	18.8846		0.000000,0.000000,	15:30:0:20
-0.1559,0.0001,0.9805,	0.49,-4.39,-2.50,	18.8942		0.000000,0.000000,	15:30:0:20
-0.1569,0.0001,0.9795,	0.55,-4.33,-2.50,	18.9038		0.000000,0.000000,	15:30:0:20
-0.1558,0.0005,0.9794,	0.49,-4.39,-2.62,	18.9135		0.000000,0.000000,	15:30:0:20
-0.1564,0.0007,0.9807,	0.49,-4.33,-2.50,	18.9231		0.000000,0.000000,	15:30:0:40
-0.1565,0.0013,0.9791,	0.49,-4.46,-2.50,	18.9327		0.000000,0.000000,	15:30:0:40
-0.1572,0.0009,0.9789,	0.49,-4.39,-2.50,	18.9423		0.000000,0.000000,	15:30:0:40
-0.1549,0.0012,0.9780,	0.55,-4.39,-2.56,	18.9519		0.000000,0.000000,	15:30:0:40
-0.1567,0.0001,0.9800,	0.49,-4.33,-2.62,	18.9615		0.000000,0.000000,	15:30:0:40
-0.1556,0.0017,0.9791,	0.55,-4.46,-2.56,	18.9712		0.000000,0.000000,	15:30:0:40
-0.1560,0.0000,0.9799,	0.55,-4.39,-2.56,	18.9808		0.000000,0.000000,	15:30:0:60
-0.1569,0.0001,0.9808,	0.55,-4.46,-2.56,	18.9904		0.000000,0.000000,	15:30:0:60
-0.1558,0.0011,0.9807,	0.61,-4.39,-2.56,	19.0000		0.000000,0.000000,	15:30:0:60
-0.1569,0.0004,0.9785,	0.55,-4.39,-2.56,	19.0096		0.000000,0.000000,	15:30:0:60
-0.1560,0.0005,0.9802,	0.49,-4.39,-2.56,	19.0192		0.000000,0.000000,	15:30:0:60
-0.1559,0.0006,0.9811,	0.55,-4.39,-2.56,	19.0288		0.000000,0.000000,	15:30:0:80
-0.1565,0.0000,0.9800,	0.55,-4.46,-2.50,	19.0385		0.000000,0.000000,	15:30:0:80
-0.1561,0.0000,0.9799,	0.55,-4.39,-2.56,	19.0481		0.000000,0.000000,	15:30:0:80
-0.1566,0.0010,0.9811,	0.67,-4.39,-2.50,	19.0577		0.000000,0.000000,	15:30:0:80
-0.1554,-0.0012,0.9795,	0.55,-4.39,-2.56,	19.0673		0.000000,0.000000,	15:30:0:80
-0.1555,0.0010,0.9808,	0.55,-4.39,-2.56,	19.0769		0.000000,0.000000,	15:30:1:0
-0.1565,-0.0002,0.9805,	0.61,-4.39,-2.56,	19.0865		0.000000,0.000000,	15:30:1:0
-0.1561,0.0010,0.9790,	0.49,-4.39,-2.56,	19.0962		0.000000,0.000000,	15:30:1:0
-0.1576,0.0001,0.9786,	0.55,-4.46,-2.56,	19.1058		0.000000,0.000000,	15:30:1:0
-0.1569,-0.0002,0.9813,	0.49,-4.39,-2.56,	19.1154		0.000000,0.000000,	15:30:1:0
-0.1554,0.0001,0.9797,	0.55,-4.39,-2.56,	19.1250		0.000000,0.000000,	15:30:1:0
-0.1562,0.0007,0.9796,	0.55,-4.46,-2.56,	19.1346		0.000000,0.000000,	15:30:1:20
-0.1552,0.0023,0.9780,	0.55,-4.39,-2.50,	19.1442		0.000000,0.000000,	15:30:1:20
-0.1564,0.0000,0.9796,	0.55,-4.39,-2.44,	19.1538		0.000000,0.000000,	15:30:1:20
-0.1559,0.0024,0.9811,	0.55,-4.39,-2.50,	19.1635		0.000000,0.000000,	15:30:1:20
-0.1553,0.0015,0.9803,	0.49,-4.33,-2.56,	19.1731		0.000000,0.000000,	15:30:1:20
-0.1589,0.0000,0.9786,	0.49,-4.39,-2.56,	19.1827		0.000000,0.000000,	15:30:1:20
-0.1559,0.0009,0.9800,	0.55,-4.46,-2.56,	19.1923		0.000000,0.000000,	15:30:1:20
-0.1556,0.0011,0.9797,	0.55,-4.39,-2.56,	19.2019		0.000000,0.000000,	15:30:1:40
-0.1577,0.0009,0.9791,	0.61,-4.39,-2.50,	19.2115		0.000000,0.000000,	15:30:1:40
-0.1558,0.0002,0.9791,	0.55,-4.33,-2.56,	19.2212		0.000000,0.000000,	15:30:1:40
-0.1566,0.0007,0.9800,	0.61,-4.39,-2.56,	19.2308		0.000000,0.000000,	15:30:1:40
-0.1580,0.0010,0.9806,	0.55,-4.46,-2.50,	19.2404		0.000000,0.000000,	15:30:1:40
-0.1558,0.0004,0.9803,	0.49,-4.39,-2.50,	19.2500		0.000000,0.000000,	15:30:1:60
-0.1571,-0.0004,0.9797,	0.55,-4.46,-2.56,	19.2596		0.000000,0.000000,	15:30:1:60
-0.1577,0.0016,0.9801,	0.55,-4.39,-2.50,	19.2692		0.000000,0.000000,	15:30:1:60
-0.1562,0.0005,0.9786,	0.61,-4.39,-2.56,	19.2788		0.000000,0.000000,	15:30:1:60
-0.1566,-0.0010,0.9795,	0.55,-4.46,-2.50,	19.2885		0.000000,0.000000,	15:30:1:60
-0.1545,0.0018,0.9802,	0.61,-4.39,-2.56,	19.2981		0.000000,0.000000,	15:30:1:60
-0.1564,0.0004,0.9806,	0.61,-4.46,-2.56,	19.3077		0.000000,0.000000,	15:30:1:80
-0.1556,-0.0002,0.9794,	0.55,-4.39,-2.44,	19.3173		0.000000,0.000000,	15:30:1:80
-0.1566,-0.0001,0.9805,	0.55,-4.46,-2.50,	19.3269		0.000000,0.000000,	15:30:1:80
-0.1554,0.0007,0.9812,	0.61,-4.33,-2.50,	19.3365		0.000000,0.000000,	15:30:1:80
-0.1571,0.0002,0.9796,	0.55,-4.39,-2.50,	19.3462		0.000000,0.000000,	15:30:1:80
-0.1560,0.0001,0.9806,	0.61,-4.52,-2.50,	19.3558		0.000000,0.000000,	15:30:1:80
-0.1567,-0.0004,0.9810,	0.61,-4.39,-2.56,	19.3654		0.000000,0.000000,	15:30:2:0
-0.1564,0.0009,0.9802,	0.49,-4.39,-2.50,	19.3750		0.000000,0.000000,	15:30:2:0
-0.1547,0.0010,0.9780,	0.49,-4.33,-2.50,	19.3846		0.000000,0.000000,	15:30:2:0
-0.1573,-0.0005,0.9797,	0.61,-4.39,-2.50,	19.3942		0.000000,0.000000,	15:30:2:0
-0.1571,0.0011,0.9796,	0.49,-4.39,-2.56,	19.4038		0.000000,0.000000,	15:30:2:0
-0.1558,0.0004,0.9800,	0.55,-4.46,-2.50,	19.4135		0.000000,0.000000,	15:30:2:0
-0.1564,0.0005,0.9808,	0.55,-4.39,-2.56,	19.4231		0.000000,0.000000,	15:30:2:20
-0.1559,0.0005,0.9796,	0.55,-4.39,-2.62,	19.4327		0.000000,0.000000,	15:30:2:20
-0.1566,0.0024,0.9792,	0.49,-4.46,-2.56,	19.4423		0.000000,0.000000,	15:30:2:20
-0.1560,0.0000,0.9788,	0.61,-4.39,-2.56,	19.4519		0.000000,0.000000,	15:30:2:20
-0.1548,0.0000,0.9789,	0.55,-4.39,-2.56,	19.4615		0.000000,0.000000,	15:30:2:20
-0.1565,0.0005,0.9797,	0.49,-4.39,-2.50,	19.4712		0.000000,0.000000,	15:30:2:20
-0.1552,0.0012,0.9802,	0.55,-4.39,-2.56,	19.4808		0.000000,0.000000,	15:30:2:20
-0.1567,-0.0001,0.9800,	0.55,-4.46,-2.50,	19.4904		0.000000,0.000000,	15:30:2:40
-0.1556,0.0010,0.9807,	0.49,-4.39,-2.50,	19.5000		0.000000,0.000000,	15:30:2:40
-0.1553,0.0015,0.9794,	0.55,-4.39,-2.56,	19.5096		0.000000,0.000000,	15:30:2:40
-0.1566,-0.0004,0.9797,	0.49,-4.39,-2.44,	19.5192		0.000000,0.000000,	15:30:2:40
-0.1549,-0.0001,0.9801,	0.49,-4.46,-2.56,	19.5288		0.000000,0.000000,	15:30:2:60
-0.1571,-0.0010,0.9812,	0.49,-4.46,-2.56,	19.5385		0.000000,0.000000,	15:30:2:60
-0.1559,0.0006,0.9803,	0.55,-4.39,-2.56,	19.5481		0.000000,0.000000,	15:30:2:60
-0.1554,0.0016,0.9810,	0.55,-4.46,-2.56,	19.5577		0.000000,0.000000,	15:30:2:60
-0.1560,-0.0004,0.9789,	0.55,-4.46,-2.50,	19.5673		0.000000,0.000000,	15:30:2:60
-0.1558,0.0002,0.9802,	0.55,-4.39,-2.50,	19.5769		0.000000,0.000000,	15:30:2:60
-0.1558,0.0002,0.9786,	0.55,-4.46,-2.50,	19.5865		0.000000,0.000000,	15:30:2:80
-0.1565,-0.0010,0.9794,	0.49,-4.46,-2.50,	19.5962		0.000000,0.000000,	15:30:2:80
-0.1549,0.0006,0.9789,	0.55,-4.39,-2.56,	19.6058		0.000000,0.000000,	15:30:2:80
-0.1578,0.0001,0.9812,	0.55,-4.52,-2.50,	19.6154		0.000000,0.000000,	15:30:2:80
-0.1556,0.0002,0.9790,	0.55,-4.46,-2.56,	19.6250		0.000000,0.000000,	15:30:2:80
-0.1558,0.0011,0.9791,	0.55,-4.52,-2.56,	19.6346		0.000000,0.000000,	15:30:2:80
-0.1561,0.0011,0.9775,	0.55,-4.46,-2.56,	19.6442		0.000000,0.000000,	15:30:3:0
-0.1552,0.0006,0.9786,	0.49,-4.33,-2.56,	19.6538		0.000000,0.000000,	15:30:3:0
-0.1559,0.0010,0.9788,	0.55,-4.39,-2.56,	19.6635		0.000000,0.000000,	15:30:3:0
-0.1555,0.0020,0.9791,	0.55,-4.39,-2.50,	19.6731		0.000000,0.000000,	15:30:3:0
-0.1560,0.0004,0.9796,	0.55,-4.39,-2.50,	19.6827		0.000000,0.000000,	15:30:3:0
-0.1554,0.0007,0.9792,	0.55,-4.46,-2.62,	19.6923		0.000000,0.000000,	15:30:3:0
-0.1559,-0.0002,0.9789,	0.61,-4.33,-2.50,	19.7019		0.000000,0.000000,	15:30:3:20
-0.1562,-0.0004,0.9784,	0.55,-4.46,-2.50,	19.7115		0.000000,0.000000,	15:30:3:20
-0.1565,0.0012,0.9779,	0.49,-4.39,-2.50,	19.7212		0.000000,0.000000,	15:30:3:20
-0.1572,0.0000,0.9800,	0.55,-4.39,-2.56,	19.7308		0.000000,0.000000,	15:30:3:20
-0.1558,-0.0001,0.9792,	0.55,-4.39,-2.50,	19.7404		0.000000,0.000000,	15:30:3:20
-0.1562,-0.0007,0.9783,	0.61,-4.39,-2.56,	19.7500		0.000000,0.000000,	15:30:3:20
-0.1556,0.0013,0.9790,	0.55,-4.39,-2.56,	19.7596		0.000000,0.000000,	15:30:3:40
-0.1564,0.0004,0.9780,	0.49,-4.46,-2.56,	19.7692		0.000000,0.000000,	15:30:3:40
-0.1571,0.0007,0.9774,	0.55,-4.33,-2.50,	19.7788		0.000000,0.000000,	15:30:3:40
-0.1565,0.0002,0.9791,	0.49,-4.39,-2.56,	19.7885		0.000000,0.000000,	15:30:3:40
-0.1549,0.0001,0.9792,	0.55,-4.39,-2.56,	19.7981		0.000000,0.000000,	15:30:3:40
-0.1572,-0.0004,0.9785,	0.55,-4.39,-2.56,	19.8077		0.000000,0.000000,	15:30:3:60
-0.1549,0.0006,0.9794,	0.55,-4.52,-2.56,	19.8173		0.000000,0.000000,	15:30:3:60
-0.1562,0.0002,0.9796,	0.55,-4.39,-2.56,	19.8269		0.000000,0.000000,	15:30:3:60
-0.1572,0.0005,0.9781,	0.61,-4.46,-2.56,	19.8365		0.000000,0.000000,	15:30:3:60
-0.1550,0.0002,0.9794,	0.55,-4.39,-2.56,	19.8462		0.000000,0.000000,	15:30:3:60
-0.1556,0.0013,0.9795,	0.49,-4.46,-2.56,	19.8558		0.000000,0.000000,	15:30:3:60
-0.1558,0.0000,0.9791,	0.55,-4.39,-2.50,	19.8654		0.000000,0.000000,	15:30:3:60
-0.1560,0.0004,0.9789,	0.55,-4.46,-2.56,	19.8750		0.000000,0.000000,	15:30:3:80
-0.1561,0.0005,0.9788,	0.55,-4.39,-2.62,	19.8846		0.000000,0.000000,	15:30:3:80
-0.1556,-0.0013,0.9772,	0.49,-4.46,-2.50,	19.8942		0.000000,0.000000,	15:30:3:80
-0.1571,0.0002,0.9788,	0.49,-4.39,-2.56,	19.9038		0.000000,0.000000,	15:30:3:80
-0.1554,0.0016,0.9792,	0.55,-4.39,-2.50,	19.9135		0.000000,0.000000,	15:30:3:80
-0.1549,0.0015,0.9779,	0.55,-4.39,-2.50,	19.9231		0.000000,0.000000,	15:30:4:0
-0.1559,0.0024,0.9786,	0.55,-4.46,-2.62,	19.9327		0.000000,0.000000,	15:30:4:0
-0.1555,0.0017,0.9772,	0.55,-4.39,-2.50,	19.9423		0.000000,0.000000,	15:30:4:0
-0.1555,0.0011,0.9789,	0.55,-4.33,-2.50,	19.9519		0.000000,0.000000,	15:30:4:0
-0.1556,0.0016,0.9786,	0.55,-4.39,-2.56,	19.9615		0.000000,0.000000,	15:30:4:0
-0.1569,0.0001,0.9784,	0.55,-4.46,-2.56,	19.9712		0.000000,0.000000,	15:30:4:0
-0.1559,0.0004,0.9781,	0.55,-4.46,-2.56,	19.9808		0.000000,0.000000,	15:30:4:20
-0.1554,0.0018,0.9788,	0.61,-4.46,-2.62,	19.9904		0.000000,0.000000,	15:30:4:20
-0.1564,0.0007,0.9780,	0.55,-4.46,-2.50,	20.0000		0.000000,0.000000,	15:30:4:20
-0.1561,-0.0007,0.9777,	0.49,-4.39,-2.56,	20.0096		0.000000,0.000000,	15:30:4:20
-0.1562,0.0004,0.9783,	0.55,-4.39,-2.62,	20.0192		0.000000,0.000000,	15:30:4:20
-0.1556,0.0016,0.9778,	0.49,-4.39,-2.56,	20.0288		0.000000,0.000000,	15:30:4:20
-0.1562,0.0007,0.9786,	0.55,-4.39,-2.50,	20.0385		0.000000,0.000000,	15:30:4:40
-0.1562,0.0013,0.9781,	0.61,-4.39,-2.56,	20.0481		0.000000,0.000000,	15:30:4:40
-0.1559,0.0015,0.9785,	0.61,-4.39,-2.50,	20.0577		0.000000,0.000000,	15:30:4:40
-0.1550,0.0010,0.9788,	0.55,-4.33,-2.50,	20.0673		0.000000,0.000000,	15:30:4:40
-0.1572,0.0002,0.9773,	0.55,-4.39,-2.50,	20.0769		0.000000,0.000000,	15:30:4:40
-0.1580,-0.0010,0.9790,	0.61,-4.39,-2.56,	20.0865		0.000000,0.000000,	15:30:4:40
-0.1562,0.0018,0.9780,	0.55,-4.39,-2.50,	20.0962		0.000000,0.000000,	15:30:4:60
-0.1556,0.0006,0.9780,	0.55,-4.39,-2.62,	20.1058		0.000000,0.000000,	15:30:4:60
-0.1562,0.0002,0.9790,	0.55,-4.46,-2.50,	20.1154		0.000000,0.000000,	15:30:4:60
-0.1559,0.0011,0.9790,	0.61,-4.39,-2.62,	20.1250		0.000000,0.000000,	15:30:4:60
-0.1555,0.0001,0.9792,	0.61,-4.39,-2.50,	20.1346		0.000000,0.000000,	15:30:4:60
-0.1556,0.0006,0.9771,	0.55,-4.33,-2.50,	20.1442		0.000000,0.000000,	15:30:4:60
-0.1567,-0.0005,0.9800,	0.55,-4.33,-2.50,	20.1538		0.000000,0.000000,	15:30:4:80
-0.1553,0.0020,0.9789,	0.55,-4.39,-2.50,	20.1635		0.000000,0.000000,	15:30:4:80
-0.1556,0.0010,0.9786,	0.55,-4.39,-2.56,	20.1731		0.000000,0.000000,	15:30:4:80
-0.1565,0.0001,0.9790,	0.55,-4.39,-2.56,	20.1827		0.000000,0.000000,	15:30:4:80
-0.1561,0.0007,0.9788,	0.49,-4.39,-2.56,	20.1923		0.000000,0.000000,	15:30:4:80
-0.1560,0.0007,0.9789,	0.49,-4.39,-2.56,	20.2019		0.000000,0.000000,	15:30:4:80
-0.1562,-0.0002,0.9777,	0.55,-4.39,-2.56,	20.2115		0.000000,0.000000,	15:30:5:0
-0.1561,0.0001,0.9794,	0.61,-4.39,-2.56,	20.2212		0.000000,0.000000,	15:30:5:0
-0.1545,0.0006,0.9796,	0.55,-4.46,-2.56,	20.2308		0.000000,0.000000,	15:30:5:0
-0.1566,-0.0001,0.9788,	0.61,-4.33,-2.56,	20.2404		0.000000,0.000000,	15:30:5:0
-0.1553,0.0016,0.9791,	0.55,-4.46,-2.50,	20.2500		0.000000,0.000000,	15:30:5:0
-0.1567,0.0016,0.9785,	0.55,-4.39,-2.50,	20.2596		0.000000,0.000000,	15:30:5:0
-0.1565,0.0004,0.9795,	0.55,-4.39,-2.56,	20.2692		0.000000,0.000000,	15:30:5:20
-0.1555,0.0000,0.9791,	0.49,-4.39,-2.56,	20.2788		0.000000,0.000000,	15:30:5:20
-0.1562,0.0002,0.9791,	0.55,-4.39,-2.56,	20.2885		0.000000,0.000000,	15:30:5:20
-0.1573,-0.0004,0.9792,	0.61,-4.46,-2.56,	20.2981		0.000000,0.000000,	15:30:5:20
-0.1552,0.0009,0.9791,	0.55,-4.46,-2.50,	20.3077		0.000000,0.000000,	15:30:5:20
-0.1565,-0.0006,0.9802,	0.55,-4.39,-2.50,	20.3173		0.000000,0.000000,	15:30:5:20
-0.1550,0.0002,0.9781,	0.55,-4.33,-2.56,	20.3269		0.000000,0.000000,	15:30:5:40
-0.1556,0.0016,0.9796,	0.49,-4.39,-2.56,	20.3365		0.000000,0.000000,	15:30:5:40
-0.1565,-0.0004,0.9792,	0.49,-4.46,-2.50,	20.3462		0.000000,0.000000,	15:30:5:40
-0.1564,0.0002,0.9790,	0.55,-4.46,-2.50,	20.3558		0.000000,0.000000,	15:30:5:40
-0.1565,0.0005,0.9808,	0.55,-4.39,-2.62,	20.3654		0.000000,0.000000,	15:30:5:40
-0.1558,-0.0001,0.9789,	0.61,-4.39,-2.56,	20.3750		0.000000,0.000000,	15:30:5:60
-0.1558,0.0020,0.9775,	0.55,-4.46,-2.50,	20.3846		0.000000,0.000000,	15:30:5:60
-0.1565,0.0013,0.9781,	0.55,-4.33,-2.56,	20.3942		0.000000,0.000000,	15:30:5:60
-0.1570,-0.0006,0.9790,	0.55,-4.39,-2.50,	20.4038		0.000000,0.000000,	15:30:5:60
-0.1553,0.0005,0.9796,	0.55,-4.46,-2.50,	20.4135		0.000000,0.000000,	15:30:5:60
-0.1554,0.0001,0.9783,	0.55,-4.46,-2.56,	20.4231		0.000000,0.000000,	15:30:5:60
-0.1570,-0.0001,0.9822,	0.55,-4.39,-2.56,	20.4327		0.000000,0.000000,	15:30:5:80
-0.1558,-0.0010,0.9785,	0.49,-4.39,-2.56,	20.4423		0.000000,0.000000,	15:30:5:80
-0.1560,0.0001,0.9790,	0.55,-4.39,-2.56,	20.4519		0.000000,0.000000,	15:30:5:80
-0.1559,0.0009,0.9800,	0.49,-4.39,-2.56,	20.4615		0.000000,0.000000,	15:30:5:80
-0.1562,0.0001,0.9796,	0.49,-4.33,-2.44,	20.4712		0.000000,0.000000,	15:30:5:80
-0.1553,0.0004,0.9792,	0.55,-4.39,-2.50,	20.4808		0.000000,0.000000,	15:30:5:80
-0.1569,0.0002,0.9808,	0.55,-4.39,-2.56,	20.4904		0.000000,0.000000,	15:30:6:0
-0.1567,0.0009,0.9790,	0.61,-4.39,-2.56,	20.5000		0.000000,0.000000,	15:30:6:0
-0.1547,0.0012,0.9797,	0.55,-4.39,-2.56,	20.5096		0.000000,0.000000,	15:30:6:0
-0.1571,0.0002,0.9811,	0.49,-4.46,-2.44,	20.5192		0.000000,0.000000,	15:30:6:0
-0.1564,0.0004,0.9803,	0.55,-4.39,-2.50,	20.5288		0.000000,0.000000,	15:30:6:0
-0.1555,0.0002,0.9794,	0.49,-4.46,-2.56,	20.5385		0.000000,0.000000,	15:30:6:0
-0.1565,0.0017,0.9796,	0.55,-4.39,-2.56,	20.5481		0.000000,0.000000,	15:30:6:20
-0.1561,-0.0002,0.9794,	0.55,-4.46,-2.56,	20.5577		0.000000,0.000000,	15:30:6:20
-0.1561,0.0002,0.9785,	0.55,-4.46,-2.56,	20.5673		0.000000,0.000000,	15:30:6:20
-0.1562,-0.0001,0.9786,	0.55,-4.39,-2.50,	20.5769		0.000000,0.000000,	15:30:6:20
-0.1545,0.0006,0.9801,	0.55,-4.39,-2.62,	20.5865		0.000000,0.000000,	15:30:6:20
-0.1576,0.0000,0.9786,	0.55,-4.46,-2.50,	20.5962		0.000000,0.000000,	15:30:6:20
-0.1553,0.0010,0.9802,	0.55,-4.39,-2.56,	20.6058		0.000000,0.000000,	15:30:6:40
-0.1547,0.0031,0.9796,	0.49,-4.39,-2.50,	20.6154		0.000000,0.000000,	15:30:6:40
-0.1549,0.0017,0.9789,	0.55,-4.46,-2.56,	20.6250		0.000000,0.000000,	15:30:6:40
-0.1552,0.0007,0.9802,	0.55,-4.39,-2.56,	20.6346		0.000000,0.000000,	15:30:6:40
-0.1559,-0.0001,0.9788,	0.61,-4.39,-2.56,	20.6442		0.000000,0.000000,	15:30:6:40
-0.1560,0.0004,0.9799,	0.55,-4.46,-2.56,	20.6538		0.000000,0.000000,	15:30:6:40
-0.1547,0.0013,0.9797,	0.55,-4.46,-2.50,	20.6635		0.000000,0.000000,	15:30:6:60
-0.1560,0.0006,0.9803,	0.55,-4.46,-2.50,	20.6731		0.000000,0.000000,	15:30:6:60
-0.1565,0.0010,0.9788,	0.49,-4.33,-2.50,	20.6827		0.000000,0.000000,	15:30:6:60
-0.1550,0.0035,0.9780,	0.61,-4.39,-2.50,	20.6923		0.000000,0.000000,	15:30:6:60
-0.1556,0.0012,0.9786,	0.55,-4.39,-2.56,	20.7019		0.000000,0.000000,	15:30:6:60
-0.1564,-0.0001,0.9802,	0.55,-4.39,-2.50,	20.7115		0.000000,0.000000,	15:30:6:80
-0.1556,0.0006,0.9807,	0.55,-4.33,-2.56,	20.7212		0.000000,0.000000,	15:30:6:80
-0.1554,0.0004,0.9783,	0.61,-4.46,-2.56,	20.7308		0.000000,0.000000,	15:30:6:80
-0.1567,-0.0006,0.9818,	0.61,-4.39,-2.56,	20.7404		0.000000,0.000000,	15:30:6:80
-0.1559,0.0001,0.9797,	0.55,-4.39,-2.50,	20.7500		0.000000,0.000000,	15:30:6:80
-0.1564,0.0002,0.9808,	0.55,-4.46,-2.44,	20.7596		0.000000,0.000000,	15:30:6:80
-0.1567,0.0002,0.9803,	0.55,-4.39,-2.50,	20.7692		0.000000,0.000000,	15:30:7:0
-0.1564,0.0007,0.9795,	0.55,-4.39,-2.56,	20.7788		0.000000,0.000000,	15:30:7:0
-0.1560,-0.0004,0.9796,	0.55,-4.39,-2.50,	20.7885		0.000000,0.000000,	15:30:7:0
-0.1558,0.0006,0.9796,	0.55,-4.33,-2.56,	20.7981		0.000000,0.000000,	15:30:7:0
-0.1566,0.0010,0.9796,	0.49,-4.39,-2.50,	20.8077		0.000000,0.000000,	15:30:7:0
-0.1554,0.0004,0.9792,	0.55,-4.39,-2.56,	20.8173		0.000000,0.000000,	15:30:7:0
-0.1560,-0.0001,0.9805,	0.55,-4.39,-2.50,	20.8269		0.000000,0.000000,	15:30:7:20
-0.1569,0.0006,0.9805,	0.55,-4.46,-2.56,	20.8365		0.000000,0.000000,	15:30:7:20
-0.1558,0.0005,0.9791,	0.49,-4.46,-2.50,	20.8462		0.000000,0.000000,	15:30:7:20
-0.1572,0.0005,0.9794,	0.55,-4.46,-2.50,	20.8558		0.000000,0.000000,	15:30:7:20
-0.1571,0.0002,0.9802,	0.55,-4.39,-2.50,	20.8654		0.000000,0.000000,	15:30:7:20
-0.1556,0.0004,0.9803,	0.61,-4.33,-2.50,	20.8750		0.000000,0.000000,	15:30:7:20
-0.1552,0.0011,0.9801,	0.55,-4.39,-2.56,	20.8846		0.000000,0.000000,	15:30:7:40
-0.1562,0.0001,0.9808,	0.49,-4.39,-2.56,	20.8942		0.000000,0.000000,	15:30:7:40
-0.1560,0.0002,0.9790,	0.61,-4.33,-2.56,	20.9038		0.000000,0.000000,	15:30:7:40
-0.1564,0.0011,0.9800,	0.49,-4.33,-2.56,	20.9135		0.000000,0.000000,	15:30:7:40
-0.1558,-0.0002,0.9800,	0.55,-4.46,-2.56,	20.9231		0.000000,0.000000,	15:30:7:40
-0.1575,0.0002,0.9801,	0.49,-4.39,-2.56,	20.9327		0.000000,0.000000,	15:30:7:40
-0.1564,-0.0001,0.9802,	0.61,-4.39,-2.56,	20.9423		0.000000,0.000000,	15:30:7:60
-0.1555,0.0009,0.9799,	0.49,-4.39,-2.50,	20.9519		0.000000,0.000000,	15:30:7:60
-0.1552,0.0011,0.9817,	0.55,-4.39,-2.44,	20.9615		0.000000,0.000000,	15:30:7:60
-0.1567,-0.0001,0.9817,	0.55,-4.39,-2.50,	20.9712		0.000000,0.000000,	15:30:7:60
-0.1545,0.0004,0.9777,	0.55,-4.33,-2.56,	20.9808		0.000000,0.000000,	15:30:7:60
-0.1571,0.0006,0.9807,	0.55,-4.46,-2.44,	20.9904		0.000000,0.000000,	15:30:7:60
-0.1564,0.0009,0.9800,	0.55,-4.39,-2.62,	21.0000		0.000000,0.000000,	15:30:7:80
-0.1560,-0.0004,0.9797,	0.55,-4.33,-2.56,	21.0096		0.000000,0.000000,	15:30:7:80
-0.1570,-0.0005,0.9808,	0.55,-4.39,-2.56,	21.0192		0.000000,0.000000,	15:30:7:80
-0.1567,0.0001,0.9818,	0.49,-4.46,-2.56,	21.0288		0.000000,0.000000,	15:30:7:80
-0.1560,0.0004,0.9806,	0.55,-4.39,-2.50,	21.0385		0.000000,0.000000,	15:30:7:80
-0.1556,0.0002,0.9806,	0.55,-4.46,-2.50,	21.0481		0.000000,0.000000,	15:30:7:80
-0.1564,-0.0004,0.9799,	0.49,-4.46,-2.50,	21.0577		0.000000,0.000000,	15:30:8:0
-0.1566,0.0013,0.9792,	0.49,-4.33,-2.50,	21.0673		0.000000,0.000000,	15:30:8:0
-0.1564,0.0000,0.9800,	0.49,-4.39,-2.56,	21.0769		0.000000,0.000000,	15:30:8:0
-0.1565,-0.0006,0.9799,	0.55,-4.39,-2.56,	21.0865		0.000000,0.000000,	15:30:8:0
-0.1566,0.0006,0.9802,	0.55,-4.46,-2.56,	21.0962		0.000000,0.000000,	15:30:8:0
-0.1569,0.0009,0.9819,	0.55,-4.39,-2.50,	21.1058		0.000000,0.000000,	15:30:8:0
-0.1560,0.0002,0.9805,	0.49,-4.33,-2.56,	21.1154		0.000000,0.000000,	15:30:8:20
-0.1570,0.0010,0.9788,	0.55,-4.39,-2.50,	21.1250		0.000000,0.000000,	15:30:8:20
-0.1555,-0.0001,0.9800,	0.55,-4.33,-2.56,	21.1346		0.000000,0.000000,	15:30:8:20
-0.1561,0.0009,0.9789,	0.49,-4.39,-2.50,	21.1442		0.000000,0.000000,	15:30:8:20
-0.1550,0.0005,0.9790,	0.49,-4.39,-2.56,	21.1538		0.000000,0.000000,	15:30:8:20
-0.1548,0.0013,0.9791,	0.55,-4.39,-2.50,	21.1635		0.000000,0.000000,	15:30:8:40
-0.1561,0.0001,0.9792,	0.49,-4.39,-2.56,	21.1731		0.000000,0.000000,	15:30:8:40
-0.1566,0.0004,0.9791,	0.61,-4.33,-2.62,	21.1827		0.000000,0.000000,	15:30:8:40
-0.1571,0.0000,0.9799,	0.55,-4.39,-2.56,	21.1923		0.000000,0.000000,	15:30:8:40
-0.1569,0.0000,0.9779,	0.55,-4.39,-2.50,	21.2019		0.000000,0.000000,	15:30:8:40
-0.1576,-0.0018,0.9795,	0.55,-4.39,-2.56,	21.2115		0.000000,0.000000,	15:30:8:40
-0.1556,0.0016,0.9780,	0.55,-4.39,-2.50,	21.2212		0.000000,0.000000,	15:30:8:60
-0.1554,0.0013,0.9783,	0.55,-4.46,-2.56,	21.2308		0.000000,0.000000,	15:30:8:60
-0.1565,0.0006,0.9780,	0.55,-4.46,-2.56,	21.2404		0.000000,0.000000,	15:30:8:60
-0.1562,0.0011,0.9797,	0.61,-4.46,-2.50,	21.2500		0.000000,0.000000,	15:30:8:60
-0.1560,-0.0001,0.9779,	0.55,-4.46,-2.50,	21.2596		0.000000,0.000000,	15:30:8:60
-0.1572,-0.0007,0.9775,	0.55,-4.46,-2.56,	21.2692		0.000000,0.000000,	15:30:8:60
-0.1555,0.0020,0.9775,	0.55,-4.39,-2.50,	21.2788		0.000000,0.000000,	15:30:8:80
-0.1553,-0.0002,0.9778,	0.55,-4.46,-2.56,	21.2885		0.000000,0.000000,	15:30:8:80
-0.1561,0.0012,0.9775,	0.49,-4.39,-2.56,	21.2981		0.000000,0.000000,	15:30:8:80
-0.1548,0.0009,0.9777,	0.61,-4.52,-2.50,	21.3077		0.000000,0.000000,	15:30:8:80
-0.1571,-0.0017,0.9777,	0.49,-4.33,-2.50,	21.3173		0.000000,0.000000,	15:30:8:80
-0.1558,0.0005,0.9791,	0.55,-4.39,-2.56,	21.3269		0.000000,0.000000,	15:30:8:80
-0.1558,-0.0001,0.9773,	0.55,-4.33,-2.50,	21.3365		0.000000,0.000000,	15:30:9:0
-0.1569,0.0002,0.9769,	0.55,-4.39,-2.56,	21.3462		0.000000,0.000000,	15:30:9:0
-0.1576,-0.0002,0.9771,	0.55,-4.46,-2.56,	21.3558		0.000000,0.000000,	15:30:9:0
-0.1565,0.0001,0.9775,	0.55,-4.33,-2.56,	21.3654		0.000000,0.000000,	15:30:9:0
-0.1556,-0.0011,0.9769,	0.49,-4.46,-2.56,	21.3750		0.000000,0.000000,	15:30:9:0
-0.1560,0.0016,0.9781,	0.55,-4.39,-2.56,	21.3846		0.000000,0.000000,	15:30:9:0
-0.1567,0.0011,0.9757,	0.61,-4.46,-2.50,	21.3942		0.000000,0.000000,	15:30:9:20
-0.1562,0.0026,0.9764,	0.55,-4.39,-2.50,	21.4038		0.000000,0.000000,	15:30:9:20
-0.1555,0.0004,0.9761,	0.61,-4.39,-2.50,	21.4135		0.000000,0.000000,	15:30:9:20
-0.1560,0.0009,0.9774,	0.55,-4.39,-2.56,	21.4231		0.000000,0.000000,	15:30:9:20
-0.1569,0.0005,0.9767,	0.61,-4.46,-2.56,	21.4327		0.000000,0.000000,	15:30:9:20
-0.1561,0.0000,0.9762,	0.55,-4.46,-2.56,	21.4423		0.000000,0.000000,	15:30:9:20
-0.1560,0.0004,0.9767,	0.49,-4.39,-2.50,	21.4519		0.000000,0.000000,	15:30:9:40
-0.1556,0.0004,0.9766,	0.61,-4.39,-2.50,	21.4615		0.000000,0.000000,	15:30:9:40
-0.1564,0.0010,0.9780,	0.55,-4.39,-2.56,	21.4712		0.000000,0.000000,	15:30:9:40
-0.1564,0.0009,0.9771,	0.61,-4.39,-2.50,	21.4808		0.000000,0.000000,	15:30:9:40
-0.1561,-0.0007,0.9760,	0.55,-4.39,-2.56,	21.4904		0.000000,0.000000,	15:30:9:40
-0.1554,0.0010,0.9783,	0.49,-4.39,-2.56,	21.5000		0.000000,0.000000,	15:30:9:40
-0.1556,0.0017,0.9774,	0.55,-4.39,-2.56,	21.5096		0.000000,0.000000,	15:30:9:60
-0.1561,0.0002,0.9778,	0.55,-4.46,-2.56,	21.5192		0.000000,0.000000,	15:30:9:60
-0.1569,0.0002,0.9769,	0.55,-4.39,-2.56,	21.5288		0.000000,0.000000,	15:30:9:60
-0.1561,0.0009,0.9768,	0.55,-4.46,-2.56,	21.5385		0.000000,0.000000,	15:30:9:60
-0.1549,0.0007,0.9763,	0.49,-4.33,-2.56,	21.5481		0.000000,0.000000,	15:30:9:60
-0.1562,0.0001,0.9788,	0.55,-4.46,-2.50,	21.5577		0.000000,0.000000,	15:30:9:60
-0.1556,0.0009,0.9772,	0.55,-4.33,-2.56,	21.5673		0.000000,0.000000,	15:30:9:80
-0.1573,0.0010,0.9762,	0.55,-4.39,-2.56,	21.5769		0.000000,0.000000,	15:30:9:80
-0.1560,0.0012,0.9761,	0.55,-4.39,-2.50,	21.5865		0.000000,0.000000,	15:30:9:80
-0.1562,0.0011,0.9774,	0.55,-4.46,-2.56,	21.5962		0.000000,0.000000,	15:30:9:80
-0.1566,-0.0002,0.9764,	0.55,-4.39,-2.56,	21.6058		0.000000,0.000000,	15:30:9:80
-0.1578,-0.0005,0.9761,	0.55,-4.46,-2.50,	21.6154		0.000000,0.000000,	15:30:10:0
-0.1570,0.0002,0.9749,	0.55,-4.46,-2.50,	21.6250		0.000000,0.000000,	15:30:10:0
-0.1558,-0.0004,0.9778,	0.55,-4.39,-2.50,	21.6346		0.000000,0.000000,	15:30:10:0
-0.1559,-0.0010,0.9760,	0.55,-4.39,-2.56,	21.6442		0.000000,0.000000,	15:30:10:0
-0.1556,0.0011,0.9769,	0.49,-4.39,-2.50,	21.6538		0.000000,0.000000,	15:30:10:0
-0.1561,0.0009,0.9767,	0.49,-4.39,-2.44,	21.6635		0.000000,0.000000,	15:30:10:0
-0.1567,0.0011,0.9760,	0.49,-4.46,-2.62,	21.6731		0.000000,0.000000,	15:30:10:0
-0.1567,0.0002,0.9768,	0.49,-4.46,-2.56,	21.6827		0.000000,0.000000,	15:30:10:20
-0.1560,0.0006,0.9773,	0.55,-4.39,-2.44,	21.6923		0.000000,0.000000,	15:30:10:20
-0.1567,0.0005,0.9772,	0.55,-4.39,-2.56,	21.7019		0.000000,0.000000,	15:30:10:20
-0.1558,0.0007,0.9763,	0.43,-4.39,-2.56,	21.7115		0.000000,0.000000,	15:30:10:20
-0.1565,0.0009,0.9778,	0.55,-4.39,-2.56,	21.7212		0.000000,0.000000,	15:30:10:20
-0.1549,-0.0015,0.9758,	0.55,-4.39,-2.56,	21.7308		0.000000,0.000000,	15:30:10:40
-0.1560,0.0004,0.9777,	0.55,-4.33,-2.56,	21.7404		0.000000,0.000000,	15:30:10:40
-0.1558,0.0020,0.9767,	0.55,-4.46,-2.56,	21.7500		0.000000,0.000000,	15:30:10:40
-0.1569,0.0002,0.9756,	0.55,-4.46,-2.56,	21.7596		0.000000,0.000000,	15:30:10:40
-0.1553,0.0007,0.9768,	0.55,-4.39,-2.38,	21.7692		0.000000,0.000000,	15:30:10:40
-0.1562,-0.0002,0.9762,	0.55,-4.46,-2.44,	21.7788		0.000000,0.000000,	15:30:10:40
-0.1558,0.0002,0.9778,	0.55,-4.33,-2.50,	21.7885		0.000000,0.000000,	15:30:10:60
-0.1566,0.0004,0.9761,	0.49,-4.39,-2.56,	21.7981		0.000000,0.000000,	15:30:10:60
-0.1571,-0.0006,0.9769,	0.49,-4.39,-2.56,	21.8077		0.000000,0.000000,	15:30:10:60
-0.1559,0.0012,0.9750,	0.61,-4.39,-2.56,	21.8173		0.000000,0.000000,	15:30:10:60
-0.1558,0.0011,0.9769,	0.55,-4.39,-2.50,	21.8269		0.000000,0.000000,	15:30:10:60
-0.1561,-0.0001,0.9744,	0.55,-4.39,-2.56,	21.8365		0.000000,0.000000,	15:30:10:60
-0.1556,0.0007,0.9768,	0.55,-4.39,-2.50,	21.8462		0.000000,0.000000,	15:30:10:80
-0.1565,-0.0009,0.9772,	0.55,-4.39,-2.50,	21.8558		0.000000,0.000000,	15:30:10:80
-0.1553,0.0006,0.9768,	0.55,-4.39,-2.50,	21.8654		0.000000,0.000000,	15:30:10:80
-0.1573,0.0021,0.9750,	0.49,-4.39,-2.50,	21.8750		0.000000,0.000000,	15:30:10:80
-0.1558,0.0012,0.9752,	0.61,-4.39,-2.56,	21.8846		0.000000,0.000000,	15:30:10:80
-0.1571,0.0001,0.9767,	0.55,-4.33,-2.50,	21.8942		0.000000,0.000000,	15:30:10:80
-0.1566,0.0009,0.9769,	0.61,-4.39,-2.56,	21.9038		0.000000,0.000000,	15:30:11:0
-0.1560,0.0005,0.9792,	0.49,-4.46,-2.50,	21.9135		0.000000,0.000000,	15:30:11:0
-0.1562,0.0006,0.9779,	0.55,-4.39,-2.50,	21.9231		0.000000,0.000000,	15:30:11:0
-0.1562,0.0002,0.9768,	0.55,-4.39,-2.56,	21.9327		0.000000,0.000000,	15:30:11:0
-0.1571,0.0013,0.9771,	0.49,-4.39,-2.56,	21.9423		0.000000,0.000000,	15:30:11:0
-0.1549,0.0024,0.9760,	0.55,-4.46,-2.50,	21.9519		0.000000,0.000000,	15:30:11:0
-0.1556,0.0012,0.9767,	0.55,-4.39,-2.50,	21.9615		0.000000,0.000000,	15:30:11:20
-0.1561,0.0006,0.9773,	0.49,-4.39,-2.50,	21.9712		0.000000,0.000000,	15:30:11:20
-0.1571,0.0005,0.9777,	0.49,-4.46,-2.50,	21.9808		0.000000,0.000000,	15:30:11:20
-0.1556,0.0001,0.9763,	0.61,-4.46,-2.50,	21.9904		0.000000,0.000000,	15:30:11:20
-0.1555,0.0002,0.9773,	0.61,-4.46,-2.56,	22.0000		0.000000,0.000000,	15:30:11:20
-0.1562,0.0012,0.9760,	0.55,-4.46,-2.50,	22.0096		0.000000,0.000000,	15:30:11:20
-0.1569,0.0007,0.9774,	0.49,-4.39,-2.50,	22.0192		0.000000,0.000000,	15:30:11:40
-0.1570,0.0029,0.9762,	0.55,-4.39,-2.56,	22.0288		0.000000,0.000000,	15:30:11:40
-0.1567,0.0007,0.9763,	0.49,-4.39,-2.62,	22.0385		0.000000,0.000000,	15:30:11:40
-0.1559,0.0000,0.9771,	0.55,-4.39,-2.56,	22.0481		0.000000,0.000000,	15:30:11:40
-0.1558,0.0004,0.9783,	0.49,-4.33,-2.56,	22.0577		0.000000,0.000000,	15:30:11:40
-0.1554,0.0007,0.9774,	0.55,-4.39,-2.56,	22.0673		0.000000,0.000000,	15:30:11:60
-0.1555,0.0000,0.9768,	0.49,-4.33,-2.50,	22.0769		0.000000,0.000000,	15:30:11:60
-0.1554,0.0006,0.9769,	0.55,-4.39,-2.56,	22.0865		0.000000,0.000000,	15:30:11:60
-0.1559,0.0013,0.9762,	0.55,-4.46,-2.50,	22.0962		0.000000,0.000000,	15:30:11:60
-0.1569,0.0001,0.9764,	0.49,-4.46,-2.50,	22.1058		0.000000,0.000000,	15:30:11:60
-0.1555,0.0001,0.9758,	0.61,-4.46,-2.50,	22.1154		0.000000,0.000000,	15:30:11:60
-0.1570,-0.0311,0.9771,	0.61,-4.52,-2.56,	22.1250		0.000000,0.000000,	15:30:11:80
-0.1562,0.0005,0.9775,	0.49,-4.46,-2.56,	22.1346		0.000000,0.000000,	15:30:11:80
-0.1564,0.0002,0.9775,	0.55,-4.27,-2.56,	22.1442		0.000000,0.000000,	15:30:11:80
-0.1564,0.0005,0.9778,	0.49,-4.33,-2.44,	22.1538		0.000000,0.000000,	15:30:11:80
-0.1562,0.0012,0.9778,	0.55,-4.39,-2.50,	22.1635		0.000000,0.000000,	15:30:11:80
-0.1566,-0.0007,0.9773,	0.49,-4.33,-2.50,	22.1731		0.000000,0.000000,	15:30:11:80
-0.1559,0.0004,0.9771,	0.55,-4.39,-2.56,	22.1827		0.000000,0.000000,	15:30:11:80
-0.1554,-0.0006,0.9774,	0.49,-4.39,-2.56,	22.1923		0.000000,0.000000,	15:30:12:0
-0.1561,0.0005,0.9764,	0.55,-4.39,-2.50,	22.2019		0.000000,0.000000,	15:30:12:0
-0.1562,-0.0001,0.9766,	0.49,-4.39,-2.56,	22.2115		0.000000,0.000000,	15:30:12:0
-0.1559,0.0001,0.9777,	0.61,-4.39,-2.56,	22.2212		0.000000,0.000000,	15:30:12:0
-0.1572,-0.0002,0.9783,	0.55,-4.46,-2.50,	22.2308		0.000000,0.000000,	15:30:12:0
-0.1564,0.0004,0.9780,	0.55,-4.39,-2.50,	22.2404		0.000000,0.000000,	15:30:12:0
-0.1569,0.0000,0.9775,	0.61,-4.46,-2.56,	22.2500		0.000000,0.000000,	15:30:12:20
-0.1570,0.0009,0.9775,	0.49,-4.39,-2.50,	22.2596		0.000000,0.000000,	15:30:12:20
-0.1561,0.0026,0.9777,	0.55,-4.46,-2.56,	22.2692		0.000000,0.000000,	15:30:12:20
-0.1565,0.0015,0.9771,	0.49,-4.39,-2.56,	22.2788		0.000000,0.000000,	15:30:12:20
-0.1561,0.0012,0.9768,	0.55,-4.39,-2.56,	22.2885		0.000000,0.000000,	15:30:12:20
-0.1567,0.0006,0.9775,	0.55,-4.39,-2.50,	22.2981		0.000000,0.000000,	15:30:12:40
-0.1556,0.0012,0.9777,	0.49,-4.46,-2.56,	22.3077		0.000000,0.000000,	15:30:12:40
-0.1565,0.0006,0.9761,	0.55,-4.46,-2.56,	22.3173		0.000000,0.000000,	15:30:12:40
-0.1553,-0.0004,0.9769,	0.49,-4.39,-2.50,	22.3269		0.000000,0.000000,	15:30:12:40
-0.1554,-0.0005,0.9784,	0.49,-4.39,-2.56,	22.3365		0.000000,0.000000,	15:30:12:40
-0.1554,-0.0007,0.9771,	0.55,-4.39,-2.56,	22.3462		0.000000,0.000000,	15:30:12:40
-0.1555,0.0018,0.9786,	0.49,-4.46,-2.56,	22.3558		0.000000,0.000000,	15:30:12:60
-0.1565,0.0002,0.9784,	0.49,-4.39,-2.62,	22.3654		0.000000,0.000000,	15:30:12:60
-0.1561,0.0020,0.9763,	0.49,-4.33,-2.62,	22.3750		0.000000,0.000000,	15:30:12:60
-0.1571,0.0007,0.9774,	0.55,-4.39,-2.50,	22.3846		0.000000,0.000000,	15:30:12:60
-0.1555,-0.0002,0.9768,	0.61,-4.39,-2.50,	22.3942		0.000000,0.000000,	15:30:12:60
-0.1562,0.0002,0.9775,	0.49,-4.39,-2.56,	22.4038		0.000000,0.000000,	15:30:12:60
-0.1559,-0.0006,0.9783,	0.49,-4.46,-2.56,	22.4135		0.000000,0.000000,	15:30:12:80
-0.1559,0.0011,0.9775,	0.49,-4.39,-2.56,	22.4231		0.000000,0.000000,	15:30:12:80
-0.1560,0.0012,0.9781,	0.49,-4.33,-2.50,	22.4327		0.000000,0.000000,	15:30:12:80
-0.1572,0.0000,0.9775,	0.55,-4.39,-2.56,	22.4423		0.000000,0.000000,	15:30:12:80
-0.1565,0.0000,0.9785,	0.49,-4.46,-2.56,	22.4519		0.000000,0.000000,	15:30:12:80
-0.1562,0.0011,0.9775,	0.49,-4.39,-2.50,	22.4615		0.000000,0.000000,	15:30:12:80
-0.1547,0.0004,0.9767,	0.49,-4.46,-2.56,	22.4712		0.000000,0.000000,	15:30:13:0
-0.1562,-0.0005,0.9785,	0.49,-4.39,-2.50,	22.4808		0.000000,0.000000,	15:30:13:0
-0.1553,-0.0010,0.9763,	0.55,-4.39,-2.56,	22.4904		0.000000,0.000000,	15:30:13:0
-0.1566,0.0005,0.9788,	0.55,-4.39,-2.50,	22.5000		0.000000,0.000000,	15:30:13:0
-0.1556,0.0006,0.9780,	0.55,-4.39,-2.50,	22.5096		0.000000,0.000000,	15:30:13:0
-0.1559,0.0006,0.9781,	0.49,-4.39,-2.50,	22.5192		0.000000,0.000000,	15:30:13:20
-0.1559,0.0010,0.9780,	0.55,-4.39,-2.56,	22.5288		0.000000,0.000000,	15:30:13:20
-0.1565,-0.0002,0.9786,	0.55,-4.39,-2.44,	22.5385		0.000000,0.000000,	15:30:13:20
-0.1559,0.0007,0.9778,	0.55,-4.46,-2.56,	22.5481		0.000000,0.000000,	15:30:13:20
-0.1567,0.0010,0.9784,	0.55,-4.39,-2.50,	22.5577		0.000000,0.000000,	15:30:13:20
-0.1562,0.0002,0.9797,	0.55,-4.46,-2.56,	22.5673		0.000000,0.000000,	15:30:13:20
-0.1561,0.0002,0.9753,	0.55,-4.46,-2.56,	22.5769		0.000000,0.000000,	15:30:13:20
-0.1569,0.0009,0.9778,	0.49,-4.39,-2.50,	22.5865		0.000000,0.000000,	15:30:13:40
-0.1565,-0.0006,0.9778,	0.55,-4.33,-2.56,	22.5962		0.000000,0.000000,	15:30:13:40
-0.1559,0.0013,0.9777,	0.55,-4.39,-2.50,	22.6058		0.000000,0.000000,	15:30:13:40
-0.1544,-0.0007,0.9781,	0.49,-4.46,-2.50,	22.6154		0.000000,0.000000,	15:30:13:40
-0.1559,0.0004,0.9795,	0.49,-4.39,-2.50,	22.6250		0.000000,0.000000,	15:30:13:40
-0.1559,0.0009,0.9778,	0.55,-4.33,-2.56,	22.6346		0.000000,0.000000,	15:30:13:60
-0.1558,0.0001,0.9772,	0.55,-4.39,-2.56,	22.6442		0.000000,0.000000,	15:30:13:60
-0.1555,-0.0004,0.9779,	0.55,-4.46,-2.50,	22.6538		0.000000,0.000000,	15:30:13:60
-0.1571,-0.0007,0.9788,	0.55,-4.39,-2.56,	22.6635		0.000000,0.000000,	15:30:13:60
-0.1565,0.0001,0.9791,	0.55,-4.39,-2.50,	22.6731		0.000000,0.000000,	15:30:13:60
-0.1562,-0.0001,0.9796,	0.49,-4.33,-2.50,	22.6827		0.000000,0.000000,	15:30:13:60
-0.1564,0.0012,0.9792,	0.55,-4.39,-2.56,	22.6923		0.000000,0.000000,	15:30:13:80
-0.1553,0.0009,0.9780,	0.49,-4.39,-2.50,	22.7019		0.000000,0.000000,	15:30:13:80
-0.1556,-0.0002,0.9789,	0.49,-4.46,-2.56,	22.7115		0.000000,0.000000,	15:30:13:80
-0.1553,0.0294,0.9750,	0.49,-4.39,-2.50,	22.7212		0.000000,0.000000,	15:30:13:80
-0.1570,0.0007,0.9792,	0.55,-4.39,-2.56,	22.7308		0.000000,0.000000,	15:30:13:80
-0.1569,0.0002,0.9783,	0.49,-4.46,-2.50,	22.7404		0.000000,0.000000,	15:30:13:80
-0.1571,-0.0009,0.9788,	0.55,-4.33,-2.44,	22.7500		0.000000,0.000000,	15:30:14:0
-0.1558,0.0009,0.9779,	0.61,-4.46,-2.50,	22.7596		0.000000,0.000000,	15:30:14:0
-0.1565,0.0018,0.9777,	0.55,-4.39,-2.50,	22.7692		0.000000,0.000000,	15:30:14:0
-0.1566,0.0002,0.9789,	0.49,-4.39,-2.50,	22.7788		0.000000,0.000000,	15:30:14:0
-0.1550,0.0000,0.9780,	0.49,-4.46,-2.50,	22.7885		0.000000,0.000000,	15:30:14:0
-0.1554,-0.0005,0.9795,	0.61,-4.46,-2.56,	22.7981		0.000000,0.000000,	15:30:14:0
-0.1564,-0.0006,0.9768,	0.49,-4.39,-2.56,	22.8077		0.000000,0.000000,	15:30:14:20
-0.1561,0.0013,0.9768,	0.55,-4.39,-2.56,	22.8173		0.000000,0.000000,	15:30:14:20
-0.1556,0.0015,0.9788,	0.55,-4.46,-2.50,	22.8269		0.000000,0.000000,	15:30:14:20
-0.1564,0.0011,0.9764,	0.55,-4.46,-2.56,	22.8365		0.000000,0.000000,	15:30:14:20
-0.1558,0.0000,0.9786,	0.61,-4.39,-2.50,	22.8462		0.000000,0.000000,	15:30:14:20
-0.1561,-0.0001,0.9771,	0.49,-4.39,-2.56,	22.8558		0.000000,0.000000,	15:30:14:20
-0.1564,0.0002,0.9760,	0.55,-4.39,-2.62,	22.8654		0.000000,0.000000,	15:30:14:40
-0.1565,0.0017,0.9757,	0.49,-4.39,-2.56,	22.8750		0.000000,0.000000,	15:30:14:40
-0.1564,0.0012,0.9792,	0.55,-4.39,-2.56,	22.6923		0.000000,0.000000,	15:30:13:80
-0.1553,0.0009,0.9780,	0.49,-4.39,-2.50,	22.7019		0.000000,0.000000,	15:30:13:80
-0.1556,-0.0002,0.9789,	0.49,-4.46,-2.56,	22.7115		0.000000,0.000000,	15:30:13:80
-0.1553,0.0294,0.9750,	0.49,-4.39,-2.50,	22.7212		0.000000,0.000000,	15:30:13:80
-0.1570,0.0007,0.9792,	0.55,-4.39,-2.56,	22.7308		0.000000,0.000000,	15:30:13:80
-0.1569,0.0002,0.9783,	0.49,-4.46,-2.50,	22.7404		0.000000,0.000000,	15:30:13:80
-0.1571,-0.0009,0.9788,	0.55,-4.33,-2.44,	22.7500		0.000000,0.000000,	15:30:14:0
-0.1558,0.0009,0.9779,	0.61,-4.46,-2.50,	22.7596		0.000000,0.000000,	15:30:14:0
-0.1565,0.0018,0.9777,	0.55,-4.39,-2.50,	22.7692		0.000000,0.000000,	15:30:14:0
-0.1566,0.0002,0.9789,	0.49,-4.39,-2.50,	22.7788		0.000000,0.000000,	15:30:14:0
-0.1550,0.0000,0.9780,	0.49,-4.46,-2.50,	22.7885		0.000000,0.000000,	15:30:14:0
-0.1554,-0.0005,0.9795,	0.61,-4.46,-2.56,	22.7981		0.000000,0.000000,	15:30:14:0
-0.1564,-0.0006,0.9768,	0.49,-4.39,-2.56,	22.8077		0.000000,0.000000,	15:30:14:20
-0.1561,0.0013,0.9768,	0.55,-4.39,-2.56,	22.8173		0.000000,0.000000,	15:30:14:20
-0.1556,0.0015,0.9788,	0.55,-4.46,-2.50,	22.8269		0.000000,0.000000,	15:30:14:20
-0.1564,0.0011,0.9764,	0.55,-4.46,-2.56,	22.8365		0.000000,0.000000,	15:30:14:20
-0.1558,0.0000,0.9786,	0.61,-4.39,-2.50,	22.8462		0.000000,0.000000,	15:30:14:20
-0.1561,-0.0001,0.9771,	0.49,-4.39,-2.56,	22.8558		0.000000,0.000000,	15:30:14:20
-0.1564,0.0002,0.9760,	0.55,-4.39,-2.62,	22.8654		0.000000,0.000000,	15:30:14:40
-0.1565,0.0017,0.9757,	0.49,-4.39,-2.56,	22.8750		0.000000,0.000000,	15:30:14:40
-0.1564,0.0010,0.9768,	0.49,-4.46,-2.50,	22.8846		0.000000,0.000000,	15:30:14:40
-0.1558,0.0009,0.9777,	0.49,-4.39,-2.56,	22.8942		0.000000,0.000000,	15:30:14:40
-0.1571,0.0011,0.9753,	0.55,-4.39,-2.62,	22.9038		0.000000,0.000000,	15:30:14:40
-0.1567,-0.0001,0.9778,	0.55,-4.39,-2.56,	22.9135		0.000000,0.000000,	15:30:14:40
-0.1550,0.0006,0.9769,	0.55,-4.39,-2.50,	22.9231		0.000000,0.000000,	15:30:14:60
-0.1548,0.0024,0.9762,	0.55,-4.46,-2.56,	22.9327		0.000000,0.000000,	15:30:14:60
-0.1569,0.0004,0.9778,	0.55,-4.27,-2.56,	22.9423		0.000000,0.000000,	15:30:14:60
-0.1567,-0.0002,0.9774,	0.67,-4.39,-2.50,	22.9519		0.000000,0.000000,	15:30:14:60
-0.1554,0.0005,0.9768,	0.55,-4.46,-2.50,	22.9615		0.000000,0.000000,	15:30:14:60
-0.1569,-0.0012,0.9756,	0.55,-4.46,-2.62,	22.9712		0.000000,0.000000,	15:30:14:60
-0.1554,0.0004,0.9767,	0.55,-4.39,-2.56,	22.9808		0.000000,0.000000,	15:30:14:80
-0.1564,-0.0004,0.9775,	0.55,-4.39,-2.50,	22.9904		0.000000,0.000000,	15:30:14:80
-0.1564,0.0002,0.9762,	0.55,-4.39,-2.62,	23.0000		0.000000,0.000000,	15:30:14:80
-0.1559,-0.0002,0.9773,	0.55,-4.39,-2.62,	23.0096		0.000000,0.000000,	15:30:14:80
-0.1570,-0.0006,0.9772,	0.55,-4.39,-2.56,	23.0192		0.000000,0.000000,	15:30:14:80
-0.1562,0.0005,0.9768,	0.55,-4.46,-2.62,	23.0288		0.000000,0.000000,	15:30:15:0
-0.1565,0.0004,0.9772,	0.55,-4.39,-2.50,	23.0385		0.000000,0.000000,	15:30:15:0
-0.1570,0.0011,0.9750,	0.49,-4.39,-2.56,	23.0481		0.000000,0.000000,	15:30:15:0
-0.1567,0.0012,0.9772,	0.49,-4.39,-2.50,	23.0577		0.000000,0.000000,	15:30:15:0
-0.1562,-0.0006,0.9779,	0.49,-4.39,-2.56,	23.0673		0.000000,0.000000,	15:30:15:0
-0.1542,0.0002,0.9774,	0.55,-4.46,-2.62,	23.0769		0.000000,0.000000,	15:30:15:0
-0.1556,0.0009,0.9755,	0.55,-4.39,-2.56,	23.0865		0.000000,0.000000,	15:30:15:20
-0.1556,0.0013,0.9785,	0.49,-4.39,-2.56,	23.0962		0.000000,0.000000,	15:30:15:20
-0.1564,-0.0002,0.9764,	0.49,-4.46,-2.50,	23.1058		0.000000,0.000000,	15:30:15:20
-0.1572,0.0001,0.9774,	0.61,-4.39,-2.50,	23.1154		0.000000,0.000000,	15:30:15:20
-0.1567,0.0000,0.9783,	0.55,-4.39,-2.56,	23.1250		0.000000,0.000000,	15:30:15:20
-0.1567,0.0007,0.9778,	0.49,-4.39,-2.50,	23.1346		0.000000,0.000000,	15:30:15:20
-0.1558,0.0009,0.9777,	0.55,-4.39,-2.56,	23.1442		0.000000,0.000000,	15:30:15:40
-0.1556,0.0015,0.9777,	0.49,-4.39,-2.50,	23.1538		0.000000,0.000000,	15:30:15:40
-0.1565,-0.0002,0.9772,	0.49,-4.39,-2.50,	23.1635		0.000000,0.000000,	15:30:15:40
-0.1555,0.0009,0.9775,	0.55,-4.33,-2.56,	23.1731		0.000000,0.000000,	15:30:15:40
-0.1559,0.0006,0.9785,	0.55,-4.39,-2.56,	23.1827		0.000000,0.000000,	15:30:15:40
-0.1566,0.0012,0.9783,	0.61,-4.46,-2.62,	23.1923		0.000000,0.000000,	15:30:15:40
-0.1548,0.0012,0.9781,	0.61,-4.39,-2.50,	23.2019		0.000000,0.000000,	15:30:15:60
-0.1554,0.0013,0.9790,	0.55,-4.46,-2.50,	23.2115		0.000000,0.000000,	15:30:15:60
-0.1553,0.0015,0.9775,	0.55,-4.39,-2.50,	23.2212		0.000000,0.000000,	15:30:15:60
-0.1559,0.0012,0.9780,	0.49,-4.46,-2.56,	23.2308		0.000000,0.000000,	15:30:15:60
-0.1556,0.0009,0.9785,	0.55,-4.46,-2.50,	23.2404		0.000000,0.000000,	15:30:15:60
-0.1562,0.0009,0.9779,	0.55,-4.46,-2.56,	23.2500		0.000000,0.000000,	15:30:15:60
-0.1567,0.0004,0.9785,	0.55,-4.46,-2.50,	23.2596		0.000000,0.000000,	15:30:15:80
-0.1566,0.0004,0.9778,	0.55,-4.39,-2.62,	23.2692		0.000000,0.000000,	15:30:15:80
-0.1549,0.0004,0.9772,	0.61,-4.39,-2.44,	23.2788		0.000000,0.000000,	15:30:15:80
-0.1553,0.0010,0.9778,	0.49,-4.39,-2.50,	23.2885		0.000000,0.000000,	15:30:15:80
-0.1558,0.0007,0.9786,	0.55,-4.46,-2.56,	23.2981		0.000000,0.000000,	15:30:15:80
-0.1566,0.0005,0.9777,	0.49,-4.46,-2.56,	23.3077		0.000000,0.000000,	15:30:16:0
-0.1552,0.0016,0.9763,	0.55,-4.46,-2.56,	23.3173		0.000000,0.000000,	15:30:16:0
-0.1561,0.0012,0.9773,	0.55,-4.46,-2.50,	23.3269		0.000000,0.000000,	15:30:16:0
-0.1562,0.0002,0.9766,	0.49,-4.46,-2.56,	23.3365		0.000000,0.000000,	15:30:16:0
-0.1561,0.0009,0.9780,	0.67,-4.39,-2.44,	23.3462		0.000000,0.000000,	15:30:16:0
-0.1566,0.0017,0.9763,	0.49,-4.39,-2.56,	23.3558		0.000000,0.000000,	15:30:16:0
-0.1569,0.0010,0.9775,	0.61,-4.39,-2.56,	23.3654		0.000000,0.000000,	15:30:16:20
-0.1556,0.0015,0.9769,	0.55,-4.39,-2.50,	23.3750		0.000000,0.000000,	15:30:16:20
-0.1571,0.0004,0.9783,	0.49,-4.39,-2.50,	23.3846		0.000000,0.000000,	15:30:16:20
-0.1554,0.0007,0.9773,	0.55,-4.33,-2.44,	23.3942		0.000000,0.000000,	15:30:16:20
-0.1553,0.0012,0.9790,	0.55,-4.46,-2.50,	23.4038		0.000000,0.000000,	15:30:16:20
-0.1565,0.0002,0.9775,	0.55,-4.46,-2.56,	23.4135		0.000000,0.000000,	15:30:16:20
-0.1570,0.0002,0.9773,	0.61,-4.39,-2.56,	23.4231		0.000000,0.000000,	15:30:16:40
-0.1564,0.0000,0.9778,	0.55,-4.33,-2.50,	23.4327		0.000000,0.000000,	15:30:16:40
-0.1565,0.0012,0.9757,	0.55,-4.46,-2.56,	23.4423		0.000000,0.000000,	15:30:16:40
-0.1569,-0.0016,0.9757,	0.49,-4.46,-2.50,	23.4519		0.000000,0.000000,	15:30:16:40
-0.1555,0.0006,0.9771,	0.55,-4.27,-2.56,	23.4615		0.000000,0.000000,	15:30:16:40
-0.1559,0.0010,0.9773,	0.55,-4.39,-2.50,	23.4712		0.000000,0.000000,	15:30:16:40
-0.1556,0.0011,0.9772,	0.55,-4.33,-2.50,	23.4808		0.000000,0.000000,	15:30:16:60
-0.1554,0.0009,0.9773,	0.55,-4.39,-2.62,	23.4904		0.000000,0.000000,	15:30:16:60
-0.1559,0.0011,0.9767,	0.55,-4.39,-2.56,	23.5000		0.000000,0.000000,	15:30:16:60
-0.1558,-0.0001,0.9773,	0.55,-4.39,-2.56,	23.5096		0.000000,0.000000,	15:30:16:60
-0.1572,0.0001,0.9769,	0.55,-4.46,-2.50,	23.5192		0.000000,0.000000,	15:30:16:60
-0.1555,0.0012,0.9779,	0.49,-4.33,-2.56,	23.5288		0.000000,0.000000,	15:30:16:60
-0.1554,-0.0005,0.9775,	0.49,-4.39,-2.56,	23.5385		0.000000,0.000000,	15:30:16:80
-0.1566,0.0015,0.9783,	0.61,-4.39,-2.56,	23.5481		0.000000,0.000000,	15:30:16:80
-0.1561,0.0007,0.9790,	0.61,-4.39,-2.50,	23.5577		0.000000,0.000000,	15:30:16:80
-0.1558,-0.0004,0.9771,	0.55,-4.39,-2.50,	23.5673		0.000000,0.000000,	15:30:16:80
-0.1554,0.0028,0.9778,	0.49,-4.39,-2.56,	23.5769		0.000000,0.000000,	15:30:16:80
-0.1564,0.0000,0.9774,	0.55,-4.39,-2.62,	23.5865		0.000000,0.000000,	15:30:16:80
-0.1564,0.0001,0.9766,	0.55,-4.46,-2.56,	23.5962		0.000000,0.000000,	15:30:17:0
-0.1558,0.0020,0.9767,	0.55,-4.46,-2.50,	23.6058		0.000000,0.000000,	15:30:17:0
-0.1562,0.0009,0.9785,	0.55,-4.27,-2.50,	23.6154		0.000000,0.000000,	15:30:17:0
-0.1555,0.0012,0.9773,	0.55,-4.46,-2.50,	23.6250		0.000000,0.000000,	15:30:17:0
-0.1564,-0.0001,0.9769,	0.55,-4.39,-2.50,	23.6346		0.000000,0.000000,	15:30:17:0
-0.1558,0.0016,0.9771,	0.55,-4.27,-2.56,	23.6442		0.000000,0.000000,	15:30:17:0
-0.1549,0.0012,0.9769,	0.49,-4.39,-2.50,	23.6538		0.000000,0.000000,	15:30:17:20
-0.1565,-0.0001,0.9779,	0.49,-4.39,-2.50,	23.6635		0.000000,0.000000,	15:30:17:20
-0.1558,0.0007,0.9778,	0.55,-4.46,-2.62,	23.6731		0.000000,0.000000,	15:30:17:20
-0.1556,0.0013,0.9780,	0.55,-4.39,-2.56,	23.6827		0.000000,0.000000,	15:30:17:20
-0.1571,0.0010,0.9766,	0.49,-4.39,-2.50,	23.6923		0.000000,0.000000,	15:30:17:20
-0.1545,0.0005,0.9758,	0.55,-4.46,-2.56,	23.7019		0.000000,0.000000,	15:30:17:20
-0.1560,0.0010,0.9775,	0.55,-4.46,-2.50,	23.7115		0.000000,0.000000,	15:30:17:40
-0.1564,0.0020,0.9752,	0.49,-4.39,-2.56,	23.7212		0.000000,0.000000,	15:30:17:40
-0.1561,0.0005,0.9763,	0.49,-4.39,-2.50,	23.7308		0.000000,0.000000,	15:30:17:40
-0.1573,0.0001,0.9769,	0.55,-4.39,-2.50,	23.7404		0.000000,0.000000,	15:30:17:40
-0.1565,0.0000,0.9771,	0.55,-4.39,-2.50,	23.7500		0.000000,0.000000,	15:30:17:40
-0.1556,0.0006,0.9781,	0.49,-4.39,-2.56,	23.7596		0.000000,0.000000,	15:30:17:60
-0.1561,0.0005,0.9760,	0.55,-4.46,-2.50,	23.7692		0.000000,0.000000,	15:30:17:60
-0.1552,0.0010,0.9780,	0.55,-4.33,-2.50,	23.7788		0.000000,0.000000,	15:30:17:60
-0.1593,0.0002,0.9764,	0.55,-4.39,-2.56,	23.7885		0.000000,0.000000,	15:30:17:60
-0.1564,0.0020,0.9775,	0.49,-4.33,-2.50,	23.7981		0.000000,0.000000,	15:30:17:60
-0.1504,0.0031,0.9788,	0.55,-4.46,-2.56,	23.8077		0.000000,0.000000,	15:30:17:60
-0.1609,-0.0031,0.9749,	0.49,-4.33,-2.50,	23.8173		0.000000,0.000000,	15:30:17:60
-0.1559,0.0005,0.9781,	0.49,-4.39,-2.44,	23.8269		0.000000,0.000000,	15:30:17:80
-0.1510,0.0023,0.9784,	0.55,-4.39,-2.56,	23.8365		0.000000,0.000000,	15:30:17:80
-0.1617,-0.0029,0.9747,	0.55,-4.39,-2.44,	23.8462		0.000000,0.000000,	15:30:17:80
-0.1532,0.0018,0.9771,	0.49,-4.39,-2.44,	23.8558		0.000000,0.000000,	15:30:17:80
-0.1556,0.0016,0.9774,	0.55,-4.33,-2.50,	23.8654		0.000000,0.000000,	15:30:17:80
-0.1567,-0.0002,0.9769,	0.55,-4.46,-2.62,	23.8750		0.000000,0.000000,	15:30:18:0
-0.1536,0.0011,0.9763,	0.55,-4.33,-2.50,	23.8846		0.000000,0.000000,	15:30:18:0
-0.1575,0.0005,0.9768,	0.55,-4.39,-2.50,	23.8942		0.000000,0.000000,	15:30:18:0
-0.1575,0.0007,0.9758,	0.55,-4.39,-2.62,	23.9038		0.000000,0.000000,	15:30:18:0
-0.1544,0.0010,0.9774,	0.55,-4.46,-2.56,	23.9135		0.000000,0.000000,	15:30:18:0
-0.1584,-0.0020,0.9753,	0.49,-4.46,-2.56,	23.9231		0.000000,0.000000,	15:30:18:0
-0.1554,0.0007,0.9778,	0.55,-4.39,-2.50,	23.9327		0.000000,0.000000,	15:30:18:20
-0.1553,0.0023,0.9772,	0.49,-4.46,-2.50,	23.9423		0.000000,0.000000,	15:30:18:20
-0.1578,-0.0013,0.9761,	0.55,-4.39,-2.50,	23.9519		0.000000,0.000000,	15:30:18:20
-0.1558,0.0023,0.9764,	0.55,-4.39,-2.56,	23.9615		0.000000,0.000000,	15:30:18:20
-0.1564,0.0005,0.9767,	0.55,-4.33,-2.50,	23.9712		0.000000,0.000000,	15:30:18:20
-0.1570,0.0005,0.9755,	0.49,-4.39,-2.50,	23.9808		0.000000,0.000000,	15:30:18:20
-0.1567,0.0009,0.9757,	0.49,-4.33,-2.50,	23.9904		0.000000,0.000000,	15:30:18:40
-0.1554,0.0013,0.9773,	0.61,-4.46,-2.56,	24.0000		0.000000,0.000000,	15:30:18:40
-0.1569,0.0009,0.9760,	0.49,-4.39,-2.50,	24.0096		0.000000,0.000000,	15:30:18:40
-0.1547,0.0004,0.9773,	0.55,-4.39,-2.56,	24.0192		0.000000,0.000000,	15:30:18:40
-0.1564,-0.0009,0.9760,	0.55,-4.33,-2.56,	24.0288		0.000000,0.000000,	15:30:18:40
-0.1558,0.0002,0.9771,	0.61,-4.39,-2.62,	24.0385		0.000000,0.000000,	15:30:18:40
-0.1569,0.0010,0.9764,	0.55,-4.46,-2.56,	24.0481		0.000000,0.000000,	15:30:18:60
-0.1553,-0.0005,0.9764,	0.43,-4.39,-2.50,	24.0577		0.000000,0.000000,	15:30:18:60
-0.1553,0.0009,0.9781,	0.55,-4.39,-2.50,	24.0673		0.000000,0.000000,	15:30:18:60
-0.1565,-0.0010,0.9764,	0.49,-4.46,-2.50,	24.0769		0.000000,0.000000,	15:30:18:60
-0.1565,0.0011,0.9767,	0.55,-4.46,-2.56,	24.0865		0.000000,0.000000,	15:30:18:60
-0.1560,-0.0005,0.9767,	0.49,-4.39,-2.50,	24.0962		0.000000,0.000000,	15:30:18:60
-0.1566,0.0001,0.9777,	0.55,-4.39,-2.56,	24.1058		0.000000,0.000000,	15:30:18:80
-0.1570,0.0007,0.9761,	0.49,-4.39,-2.56,	24.1154		0.000000,0.000000,	15:30:18:80
-0.1555,0.0021,0.9771,	0.55,-4.39,-2.56,	24.1250		0.000000,0.000000,	15:30:18:80
-0.1571,-0.0001,0.9767,	0.55,-4.39,-2.50,	24.1346		0.000000,0.000000,	15:30:18:80
-0.1539,0.0016,0.9778,	0.49,-4.39,-2.50,	24.1442		0.000000,0.000000,	15:30:18:80
-0.1572,0.0004,0.9746,	0.49,-4.39,-2.56,	24.1538		0.000000,0.000000,	15:30:18:80
-0.1565,0.0010,0.9781,	0.49,-4.39,-2.50,	24.1635		0.000000,0.000000,	15:30:19:0
-0.1554,0.0007,0.9781,	0.55,-4.33,-2.56,	24.1731		0.000000,0.000000,	15:30:19:0
-0.1561,0.0004,0.9773,	0.49,-4.33,-2.56,	24.1827		0.000000,0.000000,	15:30:19:0
-0.1549,0.0000,0.9769,	0.49,-4.39,-2.56,	24.1923		0.000000,0.000000,	15:30:19:0
-0.1561,-0.0002,0.9783,	0.61,-4.39,-2.56,	24.2019		0.000000,0.000000,	15:30:19:0
-0.1575,0.0005,0.9774,	0.49,-4.39,-2.50,	24.2115		0.000000,0.000000,	15:30:19:0
-0.1552,0.0006,0.9767,	0.49,-4.46,-2.56,	24.2212		0.000000,0.000000,	15:30:19:20
-0.1572,0.0000,0.9774,	0.49,-4.39,-2.56,	24.2308		0.000000,0.000000,	15:30:19:20
-0.1560,0.0000,0.9778,	0.49,-4.39,-2.56,	24.2404		0.000000,0.000000,	15:30:19:20
-0.1561,0.0000,0.9777,	0.55,-4.39,-2.50,	24.2500		0.000000,0.000000,	15:30:19:20
-0.1567,-0.0010,0.9766,	0.49,-4.33,-2.56,	24.2596		0.000000,0.000000,	15:30:19:20
-0.1553,0.0018,0.9780,	0.55,-4.46,-2.56,	24.2692		0.000000,0.000000,	15:30:19:40
-0.1577,-0.0004,0.9769,	0.55,-4.39,-2.56,	24.2788		0.000000,0.000000,	15:30:19:40
-0.1570,-0.0012,0.9788,	0.55,-4.46,-2.56,	24.2885		0.000000,0.000000,	15:30:19:40
-0.1552,0.0001,0.9760,	0.55,-4.33,-2.56,	24.2981		0.000000,0.000000,	15:30:19:40
-0.1570,-0.0006,0.9773,	0.55,-4.39,-2.56,	24.3077		0.000000,0.000000,	15:30:19:40
-0.1555,0.0012,0.9768,	0.49,-4.46,-2.56,	24.3173		0.000000,0.000000,	15:30:19:40
-0.1564,0.0010,0.9769,	0.49,-4.33,-2.50,	24.3269		0.000000,0.000000,	15:30:19:60
-0.1569,-0.0012,0.9772,	0.49,-4.46,-2.56,	24.3365		0.000000,0.000000,	15:30:19:60
-0.1556,0.0018,0.9778,	0.55,-4.39,-2.50,	24.3462		0.000000,0.000000,	15:30:19:60
-0.1593,-0.0013,0.9775,	0.55,-4.39,-2.50,	24.3558		0.000000,0.000000,	15:30:19:60
-0.1531,0.0032,0.9795,	0.49,-4.46,-2.56,	24.3654		0.000000,0.000000,	15:30:19:60
-0.1581,-0.0004,0.9772,	0.49,-4.39,-2.50,	24.3750		0.000000,0.000000,	15:30:19:60
-0.1575,-0.0013,0.9779,	0.49,-4.46,-2.50,	24.3846		0.000000,0.000000,	15:30:19:80
-0.1533,0.0020,0.9777,	0.55,-4.46,-2.56,	24.3942		0.000000,0.000000,	15:30:19:80
-0.1578,-0.0015,0.9777,	0.55,-4.39,-2.50,	24.4038		0.000000,0.000000,	15:30:19:80
-0.1565,0.0006,0.9775,	0.55,-4.46,-2.50,	24.4135		0.000000,0.000000,	15:30:19:80
-0.1555,0.0013,0.9784,	0.55,-4.39,-2.44,	24.4231		0.000000,0.000000,	15:30:19:80
-0.1581,0.0001,0.9767,	0.55,-4.39,-2.50,	24.4327		0.000000,0.000000,	15:30:19:80
-0.1553,0.0004,0.9775,	0.55,-4.39,-2.50,	24.4423		0.000000,0.000000,	15:30:20:0
-0.1580,-0.0002,0.9760,	0.55,-4.52,-2.56,	24.4519		0.000000,0.000000,	15:30:20:0
-0.1575,-0.0009,0.9777,	0.49,-4.39,-2.62,	24.4615		0.000000,0.000000,	15:30:20:0
-0.1538,-0.0012,0.9774,	0.55,-4.39,-2.56,	24.4712		0.000000,0.000000,	15:30:20:0
-0.1567,-0.0002,0.9768,	0.55,-4.46,-2.56,	24.4808		0.000000,0.000000,	15:30:20:0
-0.1542,0.0020,0.9780,	0.55,-4.39,-2.56,	24.4904		0.000000,0.000000,	15:30:20:0
-0.1558,0.0015,0.9775,	0.55,-4.39,-2.50,	24.5000		0.000000,0.000000,	15:30:20:20
-0.1576,-0.0002,0.9767,	0.55,-4.46,-2.50,	24.5096		0.000000,0.000000,	15:30:20:20
-0.1549,0.0011,0.9784,	0.49,-4.46,-2.62,	24.5192		0.000000,0.000000,	15:30:20:20
-0.1566,-0.0004,0.9775,	0.55,-4.39,-2.56,	24.5288		0.000000,0.000000,	15:30:20:20
-0.1569,0.0006,0.9756,	0.55,-4.39,-2.50,	24.5385		0.000000,0.000000,	15:30:20:20
-0.1537,0.0009,0.9768,	0.55,-4.46,-2.50,	24.5481		0.000000,0.000000,	15:30:20:20
-0.1578,-0.0012,0.9777,	0.49,-4.46,-2.56,	24.5577		0.000000,0.000000,	15:30:20:40
-0.1558,0.0023,0.9781,	0.55,-4.39,-2.56,	24.5673		0.000000,0.000000,	15:30:20:40
-0.1536,0.0013,0.9780,	0.49,-4.39,-2.50,	24.5769		0.000000,0.000000,	15:30:20:40
-0.1584,-0.0026,0.9795,	0.55,-4.33,-2.50,	24.5865		0.000000,0.000000,	15:30:20:40
-0.1549,0.0007,0.9779,	0.61,-4.39,-2.56,	24.5962		0.000000,0.000000,	15:30:20:40
-0.1565,0.0012,0.9789,	0.55,-4.46,-2.50,	24.6058		0.000000,0.000000,	15:30:20:40
-0.1555,-0.0002,0.9789,	0.55,-4.46,-2.56,	24.6154		0.000000,0.000000,	15:30:20:60
-0.1550,0.0013,0.9786,	0.49,-4.39,-2.56,	24.6250		0.000000,0.000000,	15:30:20:60
-0.1553,0.0001,0.9774,	0.61,-4.33,-2.56,	24.6346		0.000000,0.000000,	15:30:20:60
-0.1550,0.0001,0.9785,	0.55,-4.39,-2.56,	24.6442		0.000000,0.000000,	15:30:20:60
-0.1560,-0.0002,0.9779,	0.55,-4.46,-2.56,	24.6538		0.000000,0.000000,	15:30:20:60
-0.1564,-0.0004,0.9783,	0.61,-4.39,-2.50,	24.6635		0.000000,0.000000,	15:30:20:80
-0.1558,-0.0001,0.9778,	0.49,-4.33,-2.50,	24.6731		0.000000,0.000000,	15:30:20:80
-0.1547,0.0004,0.9775,	0.55,-4.39,-2.56,	24.6827		0.000000,0.000000,	15:30:20:80
-0.1559,-0.0002,0.9792,	0.55,-4.39,-2.56,	24.6923		0.000000,0.000000,	15:30:20:80
-0.1549,0.0005,0.9791,	0.55,-4.46,-2.56,	24.7019		0.000000,0.000000,	15:30:20:80
-0.1562,0.0011,0.9778,	0.49,-4.39,-2.50,	24.7115		0.000000,0.000000,	15:30:20:80
-0.1577,0.0007,0.9755,	0.55,-4.39,-2.56,	24.7212		0.000000,0.000000,	15:30:21:0
-0.1565,0.0005,0.9785,	0.49,-4.39,-2.50,	24.7308		0.000000,0.000000,	15:30:21:0
-0.1549,0.0009,0.9774,	0.55,-4.46,-2.62,	24.7404		0.000000,0.000000,	15:30:21:0
-0.1565,0.0002,0.9764,	0.61,-4.46,-2.44,	24.7500		0.000000,0.000000,	15:30:21:0
-0.1561,0.0006,0.9778,	0.49,-4.39,-2.56,	24.7596		0.000000,0.000000,	15:30:21:0
-0.1569,-0.0002,0.9775,	0.61,-4.39,-2.56,	24.7692		0.000000,0.000000,	15:30:21:0
-0.1561,-0.0001,0.9772,	0.49,-4.39,-2.50,	24.7788		0.000000,0.000000,	15:30:21:20
-0.1559,-0.0005,0.9778,	0.49,-4.33,-2.56,	24.7885		0.000000,0.000000,	15:30:21:20
-0.1571,0.0005,0.9769,	0.55,-4.33,-2.56,	24.7981		0.000000,0.000000,	15:30:21:20
-0.1562,-0.0010,0.9775,	0.49,-4.52,-2.56,	24.8077		0.000000,0.000000,	15:30:21:20
-0.1560,0.0017,0.9762,	0.55,-4.39,-2.56,	24.8173		0.000000,0.000000,	15:30:21:20
-0.1555,0.0005,0.9784,	0.55,-4.39,-2.50,	24.8269		0.000000,0.000000,	15:30:21:20
-0.1573,-0.0004,0.9774,	0.49,-4.33,-2.56,	24.8365		0.000000,0.000000,	15:30:21:40
-0.1556,0.0018,0.9768,	0.49,-4.39,-2.56,	24.8462		0.000000,0.000000,	15:30:21:40
-0.1569,-0.0009,0.9777,	0.49,-4.39,-2.50,	24.8558		0.000000,0.000000,	15:30:21:40
-0.1561,0.0012,0.9784,	0.55,-4.39,-2.50,	24.8654		0.000000,0.000000,	15:30:21:40
-0.1559,0.0017,0.9784,	0.55,-4.39,-2.56,	24.8750		0.000000,0.000000,	15:30:21:40
-0.1556,0.0013,0.9774,	0.61,-4.33,-2.44,	24.8846		0.000000,0.000000,	15:30:21:40
-0.1559,0.0012,0.9779,	0.55,-4.33,-2.56,	24.8942		0.000000,0.000000,	15:30:21:60
-0.1560,0.0007,0.9786,	0.55,-4.39,-2.56,	24.9038		0.000000,0.000000,	15:30:21:60
-0.1567,0.0005,0.9778,	0.55,-4.39,-2.56,	24.9135		0.000000,0.000000,	15:30:21:60
-0.1554,-0.0001,0.9763,	0.55,-4.39,-2.50,	24.9231		0.000000,0.000000,	15:30:21:60
-0.1559,0.0011,0.9789,	0.49,-4.33,-2.44,	24.9327		0.000000,0.000000,	15:30:21:60
-0.1547,0.0004,0.9775,	0.49,-4.33,-2.50,	24.9423		0.000000,0.000000,	15:30:21:60
-0.1569,0.0010,0.9797,	0.49,-4.46,-2.56,	24.9519		0.000000,0.000000,	15:30:21:80
-0.1554,0.0022,0.9773,	0.55,-4.39,-2.50,	24.9615		0.000000,0.000000,	15:30:21:80
-0.1561,0.0004,0.9773,	0.55,-4.46,-2.56,	24.9712		0.000000,0.000000,	15:30:21:80
-0.1560,0.0016,0.9775,	0.55,-4.39,-2.56,	24.9808		0.000000,0.000000,	15:30:21:80
-0.1558,0.0013,0.9788,	0.55,-4.39,-2.50,	24.9904		0.000000,0.000000,	15:30:21:80
-0.1564,-0.0005,0.9783,	0.49,-4.39,-2.56,	25.0000		0.000000,0.000000,	15:30:21:80
-0.1570,0.0005,0.9780,	0.55,-4.39,-2.44,	25.0096		0.000000,0.000000,	15:30:22:0
-0.1550,0.0006,0.9781,	0.49,-4.39,-2.50,	25.0192		0.000000,0.000000,	15:30:22:0
-0.1566,0.0010,0.9767,	0.55,-4.46,-2.56,	25.0288		0.000000,0.000000,	15:30:22:0
-0.1559,0.0004,0.9772,	0.49,-4.39,-2.50,	25.0385		0.000000,0.000000,	15:30:22:0
-0.1565,0.0002,0.9779,	0.49,-4.39,-2.56,	25.0481		0.000000,0.000000,	15:30:22:0
-0.1567,0.0006,0.9775,	0.55,-4.46,-2.50,	25.0577		0.000000,0.000000,	15:30:22:0
-0.1566,0.0004,0.9783,	0.55,-4.39,-2.56,	25.0673		0.000000,0.000000,	15:30:22:20
-0.1550,0.0004,0.9779,	0.55,-4.39,-2.50,	25.0769		0.000000,0.000000,	15:30:22:20
-0.1564,0.0011,0.9788,	0.55,-4.39,-2.44,	25.0865		0.000000,0.000000,	15:30:22:20
-0.1547,0.0002,0.9771,	0.49,-4.33,-2.50,	25.0962		0.000000,0.000000,	15:30:22:20
-0.1566,0.0011,0.9777,	0.61,-4.46,-2.56,	25.1058		0.000000,0.000000,	15:30:22:20
-0.1565,0.0009,0.9768,	0.55,-4.52,-2.50,	25.1154		0.000000,0.000000,	15:30:22:40
-0.1556,0.0016,0.9774,	0.55,-4.33,-2.50,	25.1250		0.000000,0.000000,	15:30:22:40
-0.1560,0.0004,0.9777,	0.49,-4.46,-2.56,	25.1346		0.000000,0.000000,	15:30:22:40
-0.1564,-0.0009,0.9780,	0.55,-4.39,-2.50,	25.1442		0.000000,0.000000,	15:30:22:40
-0.1565,0.0007,0.9791,	0.55,-4.33,-2.50,	25.1538		0.000000,0.000000,	15:30:22:40
-0.1560,-0.0001,0.9779,	0.55,-4.33,-2.50,	25.1635		0.000000,0.000000,	15:30:22:40
-0.1570,-0.0002,0.9778,	0.61,-4.39,-2.56,	25.1731		0.000000,0.000000,	15:30:22:60
-0.1565,0.0002,0.9778,	0.49,-4.39,-2.56,	25.1827		0.000000,0.000000,	15:30:22:60
-0.1556,0.0012,0.9785,	0.55,-4.46,-2.50,	25.1923		0.000000,0.000000,	15:30:22:60
-0.1554,0.0004,0.9791,	0.49,-4.39,-2.56,	25.2019		0.000000,0.000000,	15:30:22:60
-0.1564