0.0200,-0.2539,0.9662,	-4.55,-26.82,-73.16,	1.40,-4.82,-3.66	0.0000,	53.143058,-1.450671,	16:14:40:60
0.0200,-0.2548,0.9664,	-4.73,-26.91,-73.27,	1.34,-4.88,-3.66	0.0096,	53.143058,-1.450671,	16:14:40:60
0.0194,-0.2551,0.9669,	-4.73,-26.91,-73.27,	1.46,-4.88,-3.60	0.0192,	53.143058,-1.450672,	16:14:40:70
0.0184,-0.2544,0.9666,	-4.91,-27.18,-73.27,	1.46,-4.82,-3.72	0.0288,	53.143058,-1.450672,	16:14:40:70
0.0187,-0.2556,0.9675,	-4.91,-27.18,-73.27,	1.46,-4.76,-3.60	0.0385,	53.143058,-1.450672,	16:14:40:70
0.0198,-0.2546,0.9666,	-4.45,-26.91,-73.06,	1.46,-4.88,-3.66	0.0481,	53.143058,-1.450673,	16:14:40:80
0.0195,-0.2554,0.9655,	-4.45,-26.91,-73.06,	1.40,-4.82,-3.72	0.0577,	53.143058,-1.450673,	16:14:40:80
0.0189,-0.2546,0.9628,	-4.64,-26.82,-73.06,	1.53,-4.88,-3.60	0.0673,	53.143058,-1.450673,	16:14:40:80
0.0195,-0.2555,0.9633,	-4.64,-26.82,-73.06,	1.40,-4.88,-3.66	0.0769,	53.143058,-1.450673,	16:14:40:90
0.0210,-0.2554,0.9635,	-4.73,-27.09,-73.27,	1.46,-4.88,-3.66	0.0865,	53.143058,-1.450673,	16:14:40:90
0.0193,-0.2551,0.9639,	-4.73,-27.09,-73.27,	1.46,-4.88,-3.66	0.0962,	53.143058,-1.450673,	16:14:40:90
0.0188,-0.2552,0.9618,	-4.73,-27.00,-73.06,	1.46,-4.82,-3.66	0.1058,	53.143057,-1.450674,	16:14:41:0
0.0198,-0.2543,0.9600,	-4.73,-27.00,-73.06,	1.46,-4.88,-3.66	0.1154,	53.143057,-1.450674,	16:14:41:0
0.0188,-0.2548,0.9602,	-4.73,-27.00,-73.27,	1.46,-4.88,-3.72	0.1250,	53.143057,-1.450674,	16:14:41:0
0.0193,-0.2551,0.9612,	-4.91,-26.91,-73.06,	1.40,-4.82,-3.66	0.1346,	53.143057,-1.450674,	16:14:41:10
0.0178,-0.2549,0.9576,	-4.91,-26.91,-73.06,	1.46,-4.88,-3.72	0.1442,	53.143057,-1.450674,	16:14:41:10
0.0197,-0.2563,0.9601,	-4.73,-27.00,-73.16,	1.40,-4.82,-3.66	0.1538,	53.143057,-1.450674,	16:14:41:10
0.0192,-0.2548,0.9615,	-4.73,-27.00,-73.16,	1.40,-4.82,-3.66	0.1635,	53.143057,-1.450674,	16:14:41:20
0.0197,-0.2546,0.9628,	-4.45,-27.00,-72.96,	1.40,-4.82,-3.66	0.1731,	53.143057,-1.450674,	16:14:41:20
0.0192,-0.2556,0.9576,	-4.55,-26.91,-73.16,	1.40,-4.76,-3.60	0.1923,	53.143057,-1.450679,	16:14:42:60
0.0193,-0.2565,0.9595,	-4.45,-26.91,-72.96,	1.34,-4.76,-3.60	0.2019,	53.143057,-1.450679,	16:14:42:70
0.0188,-0.2555,0.9532,	-4.45,-26.91,-72.96,	1.40,-4.82,-3.72	0.2115,	53.143057,-1.450679,	16:14:42:70
0.0189,-0.2554,0.9537,	-4.55,-27.00,-73.37,	1.40,-4.82,-3.66	0.2212,	53.143057,-1.450679,	16:14:42:70
0.0193,-0.2546,0.9550,	-4.55,-27.00,-73.37,	1.53,-4.88,-3.72	0.2308,	53.143057,-1.450680,	16:14:42:80
0.0194,-0.2552,0.9579,	-4.55,-27.18,-73.06,	1.40,-4.76,-3.60	0.2404,	53.143057,-1.450680,	16:14:42:80
0.0192,-0.2542,0.9573,	-4.55,-27.18,-73.06,	1.53,-4.76,-3.66	0.2500,	53.143057,-1.450680,	16:14:42:80
0.0201,-0.2552,0.9601,	-4.82,-27.00,-73.16,	1.34,-4.82,-3.72	0.2596,	53.143057,-1.450680,	16:14:42:90
0.0197,-0.2559,0.9589,	-4.82,-27.00,-73.16,	1.40,-4.94,-3.72	0.2692,	53.143057,-1.450680,	16:14:42:90
0.0182,-0.2548,0.9613,	-5.00,-27.09,-72.86,	1.40,-4.76,-3.66	0.2788,	53.143057,-1.450680,	16:14:42:90
0.0183,-0.2560,0.9592,	-5.00,-27.09,-72.86,	1.40,-4.82,-3.66	0.2885,	53.143057,-1.450680,	16:14:43:0
0.0190,-0.2552,0.9602,	-4.64,-26.91,-72.86,	1.40,-4.76,-3.66	0.2981,	53.143057,-1.450680,	16:14:43:0
0.0195,-0.2550,0.9592,	-4.55,-26.73,-73.16,	1.46,-4.82,-3.66	0.3077,	53.143057,-1.450680,	16:14:43:0
0.0188,-0.2556,0.9619,	-4.55,-26.73,-73.16,	1.34,-4.88,-3.60	0.3173,	53.143057,-1.450681,	16:14:43:10
0.0206,-0.2550,0.9623,	-5.00,-26.91,-73.27,	1.53,-4.82,-3.72	0.3269,	53.143057,-1.450681,	16:14:43:10
0.0199,-0.2567,0.9623,	-5.00,-26.91,-73.27,	1.40,-4.82,-3.66	0.3365,	53.143057,-1.450681,	16:14:43:10
0.0199,-0.2549,0.9618,	-4.64,-27.09,-72.86,	1.40,-4.76,-3.66	0.3462,	53.143057,-1.450681,	16:14:43:20
0.0205,-0.2550,0.9629,	-4.64,-27.09,-72.86,	1.40,-4.76,-3.72	0.3558,	53.143057,-1.450681,	16:14:43:20
0.0199,-0.2542,0.9620,	-4.64,-27.00,-72.86,	1.46,-4.82,-3.60	0.3654,	53.143057,-1.450681,	16:14:43:30
0.0197,-0.2546,0.9572,	-4.55,-27.18,-73.16,	1.53,-4.88,-3.66	0.3846,	-46180.220649,-14.000000,	16:14:43:30
0.0189,-0.2549,0.9604,	-4.55,-27.18,-73.16,	1.40,-4.82,-3.66	0.3942,	53.143057,-1.450681,	16:14:43:40
0.0190,-0.2538,0.9609,	-4.82,-27.18,-73.16,	1.40,-4.94,-3.66	0.4038,	53.143057,-1.450681,	16:14:43:40
0.0188,-0.2551,0.9606,	-4.82,-27.18,-73.16,	1.40,-4.88,-3.72	0.4135,	53.143057,-1.450681,	16:14:43:40
0.0197,-0.2551,0.9585,	-4.55,-26.91,-72.96,	1.53,-4.88,-3.72	0.4231,	53.143057,-1.450681,	16:14:43:50
0.0182,-0.2543,0.9583,	-4.55,-26.91,-72.96,	1.40,-4.88,-3.66	0.4327,	53.143057,-1.450681,	16:14:43:50
0.0198,-0.2545,0.9592,	-4.91,-26.91,-73.16,	1.40,-4.82,-3.60	0.4423,	53.143057,-1.450681,	16:14:43:50
0.0192,-0.2552,0.9636,	-4.91,-26.91,-73.16,	1.34,-4.88,-3.66	0.4519,	53.143057,-1.450681,	16:14:43:60
0.0201,-0.2548,0.9629,	-4.64,-27.27,-73.16,	1.40,-4.88,-3.60	0.4615,	53.143057,-1.450681,	16:14:43:60
0.0194,-0.2560,0.9623,	-4.64,-27.27,-73.16,	1.34,-4.82,-3.66	0.4712,	53.143057,-1.450682,	16:14:43:70
0.0197,-0.2556,0.9585,	-4.73,-27.09,-73.16,	1.46,-4.88,-3.66	0.4808,	53.143057,-1.450682,	16:14:43:70
0.0201,-0.2552,0.9612,	-4.73,-27.09,-73.16,	1.34,-4.70,-3.66	0.4904,	53.143057,-1.450682,	16:14:43:70
0.0204,-0.2548,0.9598,	-4.73,-27.00,-73.27,	1.40,-4.88,-3.72	0.5000,	53.143057,-1.450682,	16:14:43:80
0.0197,-0.2549,0.9594,	-4.45,-26.55,-73.06,	1.40,-4.82,-3.66	0.5096,	53.143057,-1.450682,	16:14:43:80
0.0195,-0.2548,0.9601,	-4.45,-26.55,-73.06,	1.34,-4.82,-3.60	0.5192,	53.143057,-1.450682,	16:14:43:80
0.0189,-0.2565,0.9580,	-4.82,-27.09,-73.16,	1.40,-4.76,-3.66	0.5288,	53.143057,-1.450682,	16:14:43:90
0.0193,-0.2539,0.9532,	-4.82,-27.09,-73.16,	1.46,-4.82,-3.66	0.5385,	53.143057,-1.450682,	16:14:43:90
0.0192,-0.2540,0.9576,	-4.73,-27.09,-73.06,	1.46,-4.88,-3.66	0.5481,	53.143057,-1.450682,	16:14:43:90
0.0201,-0.2548,0.9536,	-4.73,-27.09,-73.06,	1.40,-4.88,-3.60	0.5577,	53.143057,-1.450683,	16:14:44:0
0.0190,-0.2546,0.9565,	-4.82,-27.18,-73.16,	1.40,-4.82,-3.66	0.5769,	53.143057,-1.450683,	16:14:44:10
0.0193,-0.2550,0.9573,	-4.82,-27.18,-73.16,	1.40,-4.76,-3.66	0.5865,	53.143057,-1.450683,	16:14:44:20
0.0189,-0.2562,0.9565,	-4.64,-27.09,-73.16,	1.34,-4.82,-3.66	0.5962,	53.143057,-1.450683,	16:14:44:20
0.0194,-0.2542,0.9518,	-4.64,-27.09,-73.16,	1.46,-4.82,-3.78	0.6058,	53.143057,-1.450683,	16:14:44:30
0.0198,-0.2573,0.9500,	-4.64,-27.18,-73.16,	1.40,-4.88,-3.66	0.6154,	53.143057,-1.450683,	16:14:44:30
0.0190,-0.2555,0.9490,	-4.64,-27.18,-73.16,	1.53,-4.82,-3.66	0.6250,	53.143057,-1.450683,	16:14:44:30
0.0189,-0.2556,0.9504,	-4.55,-27.09,-73.27,	1.40,-4.82,-3.66	0.6346,	53.143057,-1.450684,	16:14:44:40
0.0200,-0.2538,0.9482,	-4.55,-27.09,-73.27,	1.34,-4.82,-3.72	0.6442,	53.143057,-1.450684,	16:14:44:40
0.0186,-0.2552,0.9503,	-4.55,-27.00,-72.96,	1.34,-4.76,-3.72	0.6538,	53.143057,-1.450684,	16:14:44:40
0.0181,-0.2531,0.9502,	-4.55,-27.00,-72.96,	1.46,-4.88,-3.72	0.6635,	53.143057,-1.450684,	16:14:44:50
0.0198,-0.2548,0.9502,	-4.73,-27.18,-73.27,	1.46,-4.82,-3.72	0.6731,	53.143057,-1.450684,	16:14:44:50
0.0192,-0.2550,0.9496,	-4.73,-27.18,-73.27,	1.46,-4.88,-3.72	0.6827,	53.143057,-1.450684,	16:14:44:50
0.0186,-0.2535,0.9513,	-4.73,-27.00,-73.27,	1.40,-4.76,-3.60	0.6923,	53.143057,-1.450684,	16:14:44:60
0.0192,-0.2556,0.9528,	-4.82,-26.64,-73.06,	1.46,-4.82,-3.60	0.7019,	53.143057,-1.450684,	16:14:44:60
0.0187,-0.2560,0.9525,	-4.82,-26.64,-73.06,	1.34,-4.82,-3.60	0.7115,	53.143057,-1.450684,	16:14:44:60
0.0184,-0.2551,0.9493,	-4.64,-26.91,-72.96,	1.53,-4.94,-3.72	0.7212,	53.143057,-1.450685,	16:14:44:70
0.0193,-0.2542,0.9524,	-4.64,-26.91,-72.96,	1.40,-4.82,-3.66	0.7308,	53.143057,-1.450685,	16:14:44:70
0.0197,-0.2537,0.9481,	-4.73,-27.36,-73.16,	1.40,-4.88,-3.72	0.7404,	53.143057,-1.450685,	16:14:44:70
0.0182,-0.2555,0.9543,	-4.73,-27.36,-73.16,	1.40,-4.82,-3.72	0.7500,	53.143057,-1.450685,	16:14:44:80
0.0189,-0.2537,0.9554,	-4.91,-27.09,-73.06,	1.46,-4.88,-3.72	0.7692,	53.143057,-1.450685,	16:14:44:90
0.0192,-0.2550,0.9574,	-4.64,-27.09,-73.16,	1.40,-4.82,-3.66	0.7788,	53.143057,-1.450685,	16:14:44:90
0.0181,-0.2534,0.9553,	-4.64,-27.09,-73.16,	1.40,-4.82,-3.66	0.7885,	53.143057,-1.450685,	16:14:44:90
0.0192,-0.2556,0.9575,	-4.82,-27.27,-73.06,	1.28,-4.76,-3.72	0.7981,	53.143057,-1.450685,	16:14:45:0
0.0178,-0.2543,0.9563,	-4.82,-27.27,-73.06,	1.46,-4.82,-3.66	0.8077,	53.143057,-1.450685,	16:14:45:0
0.0184,-0.2552,0.9583,	-4.36,-27.00,-73.27,	1.40,-4.76,-3.72	0.8173,	53.143057,-1.450685,	16:14:45:0
0.0192,-0.2545,0.9573,	-4.36,-27.00,-73.27,	1.46,-4.82,-3.66	0.8269,	53.143057,-1.450685,	16:14:45:10
0.0188,-0.2550,0.9572,	-4.73,-27.00,-73.06,	1.40,-4.82,-3.66	0.8365,	53.143057,-1.450685,	16:14:45:10
0.0190,-0.2551,0.9554,	-4.73,-27.00,-73.06,	1.46,-4.82,-3.66	0.8462,	53.143057,-1.450685,	16:14:45:10
0.0190,-0.2545,0.9608,	-4.36,-26.91,-73.06,	1.40,-4.88,-3.72	0.8558,	53.143057,-1.450685,	16:14:45:20
0.0205,-0.2551,0.9548,	-4.36,-26.91,-73.06,	1.53,-4.70,-3.60	0.8654,	53.143057,-1.450685,	16:14:45:20
0.0189,-0.2542,0.9526,	-4.82,-26.82,-73.06,	1.46,-4.82,-3.60	0.8750,	53.143057,-1.450686,	16:14:45:30
0.0208,-0.2561,0.9525,	-4.82,-26.82,-73.06,	1.34,-4.88,-3.60	0.8846,	53.143057,-1.450686,	16:14:45:30
0.0192,-0.2544,0.9530,	-4.73,-26.82,-73.27,	1.40,-4.70,-3.72	0.8942,	53.143057,-1.450686,	16:14:45:30
0.0199,-0.2560,0.9507,	-4.45,-26.91,-72.96,	1.40,-4.88,-3.72	0.9038,	53.143057,-1.450686,	16:14:45:40
0.0192,-0.2556,0.9518,	-4.45,-26.91,-72.96,	1.46,-4.94,-3.66	0.9135,	53.143057,-1.450686,	16:14:45:40
0.0192,-0.2528,0.9525,	-5.09,-27.09,-73.16,	1.46,-4.82,-3.66	0.9231,	53.143057,-1.450686,	16:14:45:40
0.0186,-0.2557,0.9542,	-5.09,-27.09,-73.16,	1.40,-4.76,-3.60	0.9327,	53.143057,-1.450686,	16:14:45:50
0.0188,-0.2545,0.9510,	-4.82,-26.91,-73.16,	1.34,-4.76,-3.66	0.9423,	53.143057,-1.450686,	16:14:45:50
0.0177,-0.2545,0.9508,	-4.64,-27.09,-72.96,	1.40,-4.76,-3.66	0.9615,	53.143057,-1.450686,	16:14:45:60
0.0187,-0.2552,0.9523,	-4.64,-27.09,-72.96,	1.40,-4.82,-3.66	0.9712,	53.143057,-1.450686,	16:14:45:60
0.0212,-0.2566,0.9404,	-4.82,-26.64,-73.47,	1.46,-4.88,-3.66	0.9808,	53.143057,-1.450686,	16:14:45:60
0.0179,-0.2545,0.9432,	-4.82,-26.64,-73.47,	1.40,-4.88,-3.66	0.9904,	53.143057,-1.450686,	16:14:45:70
0.0179,-0.2542,0.9414,	-4.73,-27.00,-73.16,	1.40,-4.70,-3.60	1.0000,	53.143057,-1.450686,	16:14:45:70
0.0190,-0.2550,0.9404,	-4.73,-27.00,-73.16,	1.40,-4.82,-3.66	1.0096,	53.143057,-1.450686,	16:14:45:70
0.0195,-0.2546,0.9465,	-4.55,-26.91,-73.47,	1.59,-4.82,-3.72	1.0192,	53.143056,-1.450686,	16:14:45:80
0.0199,-0.2556,0.9504,	-4.55,-26.91,-73.47,	1.40,-4.82,-3.72	1.0288,	53.143056,-1.450686,	16:14:45:80
0.0199,-0.2544,0.9474,	-4.64,-27.09,-72.96,	1.46,-4.82,-3.72	1.0385,	53.143056,-1.450686,	16:14:45:90
0.0190,-0.2554,0.9496,	-4.64,-27.09,-72.96,	1.34,-4.82,-3.72	1.0481,	53.143056,-1.450686,	16:14:45:90
0.0190,-0.2537,0.9498,	-4.64,-27.09,-73.06,	1.34,-4.82,-3.72	1.0577,	53.143056,-1.450686,	16:14:45:90
0.0188,-0.2532,0.9458,	-4.64,-27.09,-73.06,	1.34,-4.82,-3.66	1.0673,	53.143056,-1.450687,	16:14:46:0
0.0200,-0.2560,0.9407,	-4.64,-27.09,-72.76,	1.46,-4.82,-3.66	1.0769,	53.143056,-1.450687,	16:14:46:0
0.0199,-0.2568,0.9462,	-4.64,-27.09,-72.76,	1.40,-4.82,-3.66	1.0865,	53.143056,-1.450687,	16:14:46:0
0.0194,-0.2537,0.9413,	-4.91,-27.27,-73.06,	1.46,-4.88,-3.66	1.0962,	53.143056,-1.450687,	16:14:46:10
0.0186,-0.2549,0.9514,	-4.73,-26.82,-73.16,	1.34,-4.76,-3.60	1.1058,	53.143056,-1.450687,	16:14:46:10
0.0192,-0.2544,0.9470,	-4.73,-26.82,-73.16,	1.40,-4.82,-3.66	1.1154,	53.143056,-1.450687,	16:14:46:10
0.0194,-0.2544,0.9426,	-4.64,-26.82,-73.16,	1.40,-4.82,-3.72	1.1250,	53.143056,-1.450687,	16:14:46:20
0.0201,-0.2563,0.9417,	-4.64,-26.82,-73.16,	1.53,-4.82,-3.66	1.1346,	53.143056,-1.450687,	16:14:46:20
0.0201,-0.2546,0.9467,	-4.64,-27.00,-73.16,	1.34,-4.76,-3.60	1.1538,	53.143056,-1.450687,	16:14:46:30
0.0193,-0.2542,0.9474,	-4.73,-26.91,-73.37,	1.46,-4.82,-3.72	1.1635,	53.143056,-1.450687,	16:14:46:30
0.0192,-0.2542,0.9436,	-4.73,-26.91,-73.37,	1.46,-4.82,-3.66	1.1731,	53.143056,-1.450687,	16:14:46:40
0.0189,-0.2551,0.9493,	-4.73,-27.09,-73.16,	1.40,-4.82,-3.66	1.1827,	53.143056,-1.450687,	16:14:46:40
0.0203,-0.2535,0.9479,	-4.73,-27.09,-73.16,	1.53,-4.82,-3.66	1.1923,	53.143056,-1.450687,	16:14:46:40
0.0182,-0.2555,0.9545,	-4.82,-26.82,-73.16,	1.40,-4.76,-3.60	1.2019,	53.143056,-1.450687,	16:14:46:50
0.0189,-0.2550,0.9520,	-4.82,-26.82,-73.16,	1.46,-4.88,-3.72	1.2115,	53.143056,-1.450687,	16:14:46:50
0.0193,-0.2550,0.9532,	-4.55,-27.27,-73.27,	1.40,-4.82,-3.66	1.2212,	53.143056,-1.450687,	16:14:46:50
0.0190,-0.2557,0.9534,	-4.55,-27.27,-73.27,	1.53,-4.88,-3.72	1.2308,	53.143056,-1.450688,	16:14:46:60
0.0192,-0.2560,0.9554,	-4.82,-27.27,-73.16,	1.46,-4.82,-3.78	1.2404,	53.143056,-1.450688,	16:14:46:60
0.0197,-0.2557,0.9536,	-4.82,-27.27,-73.16,	1.46,-4.82,-3.66	1.2500,	53.143056,-1.450688,	16:14:46:60
0.0179,-0.2538,0.9513,	-4.91,-27.00,-73.27,	1.34,-4.82,-3.72	1.2596,	53.143056,-1.450688,	16:14:46:70
0.0192,-0.2551,0.9525,	-4.91,-27.00,-73.27,	1.46,-4.82,-3.66	1.2692,	53.143056,-1.450688,	16:14:46:70
0.0181,-0.2559,0.9563,	-4.73,-27.00,-73.37,	1.40,-4.82,-3.72	1.2788,	53.143056,-1.450688,	16:14:46:70
0.0201,-0.2542,0.9557,	-4.73,-27.00,-73.37,	1.46,-4.82,-3.66	1.2885,	53.143056,-1.450688,	16:14:46:80
0.0192,-0.2555,0.9556,	-4.64,-27.00,-73.16,	1.40,-4.82,-3.66	1.2981,	53.143056,-1.450688,	16:14:46:80
0.0188,-0.2546,0.9539,	0.00,0.00,0.00,	1.46,-4.82,-3.66	1.3077,	53.143056,-1.450688,	16:14:46:80
0.0182,-0.2550,0.9553,	-4.82,-26.91,-73.16,	1.40,-4.88,-3.72	1.3173,	53.143056,-1.450689,	16:14:46:90
0.0184,-0.2543,0.9541,	-4.45,-27.00,-72.96,	1.34,-4.88,-3.66	1.3269,	53.143056,-1.450689,	16:14:46:90
0.0190,-0.2556,0.9547,	-4.91,-27.09,-73.27,	1.40,-4.88,-3.66	1.3462,	53.143056,-1.450689,	16:14:47:0
0.0186,-0.2555,0.9539,	-4.91,-27.09,-73.27,	1.40,-4.82,-3.66	1.3558,	53.143056,-1.450689,	16:14:47:0
0.0189,-0.2544,0.9564,	-4.64,-26.91,-73.27,	1.46,-4.82,-3.66	1.3654,	53.143056,-1.450689,	16:14:47:10
0.0193,-0.2550,0.9551,	-4.64,-26.91,-73.27,	1.40,-4.82,-3.66	1.3750,	53.143056,-1.450689,	16:14:47:10
0.0188,-0.2552,0.9539,	-4.73,-27.18,-73.06,	1.46,-4.76,-3.66	1.3846,	53.143056,-1.450689,	16:14:47:10
0.0203,-0.2552,0.9545,	-4.73,-27.18,-73.06,	1.34,-4.88,-3.66	1.3942,	53.143056,-1.450690,	16:14:47:20
0.0188,-0.2545,0.9576,	-4.64,-27.09,-73.06,	1.53,-4.88,-3.60	1.4038,	53.143056,-1.450690,	16:14:47:20
0.0188,-0.2550,0.9557,	-4.64,-27.09,-73.06,	1.34,-4.76,-3.72	1.4135,	53.143056,-1.450690,	16:14:47:20
0.0189,-0.2542,0.9583,	-4.73,-27.00,-73.06,	1.40,-4.82,-3.66	1.4231,	53.143056,-1.450690,	16:14:47:30
0.0187,-0.2546,0.9576,	-4.73,-27.00,-73.06,	1.34,-4.82,-3.60	1.4327,	53.143056,-1.450690,	16:14:47:30
0.0192,-0.2538,0.9598,	-4.82,-26.91,-73.16,	1.46,-4.82,-3.72	1.4423,	53.143056,-1.450690,	16:14:47:30
0.0200,-0.2562,0.9637,	-4.82,-26.91,-73.16,	1.46,-4.88,-3.72	1.4519,	53.143056,-1.450691,	16:14:47:40
0.0201,-0.2551,0.9592,	-4.64,-26.73,-73.06,	1.46,-4.88,-3.66	1.4615,	53.143056,-1.450691,	16:14:47:40
0.0194,-0.2538,0.9620,	-4.64,-26.73,-73.06,	1.34,-4.88,-3.72	1.4712,	53.143056,-1.450691,	16:14:47:50
0.0194,-0.2531,0.9579,	-4.55,-27.00,-72.96,	1.40,-4.82,-3.66	1.4808,	53.143056,-1.450691,	16:14:47:50
0.0192,-0.2551,0.9624,	-4.55,-27.00,-72.96,	1.40,-4.82,-3.72	1.4904,	53.143056,-1.450691,	16:14:47:50
0.0186,-0.2535,0.9567,	-5.00,-27.09,-73.37,	1.46,-4.88,-3.66	1.5000,	53.143056,-1.450690,	16:14:47:60
0.0189,-0.2545,0.9585,	-5.00,-27.09,-73.37,	1.46,-4.76,-3.66	1.5096,	53.143056,-1.450690,	16:14:47:60
0.0186,-0.2546,0.9541,	-5.09,-26.82,-73.27,	1.53,-4.82,-3.60	1.5192,	53.143056,-1.450690,	16:14:47:60
0.0194,-0.2552,0.9607,	-4.73,-27.00,-73.06,	1.46,-4.88,-3.72	1.5385,	-50937.220649,-14.000000,	16:14:47:70
0.0195,-0.2556,0.9561,	-4.55,-27.00,-73.16,	1.46,-4.88,-3.66	1.5481,	-50937.220649,-14.000000,	16:14:47:70
0.0188,-0.2556,0.9576,	-4.55,-27.00,-73.16,	1.40,-4.76,-3.72	1.5577,	53.143056,-1.450692,	16:14:47:80
0.0179,-0.2539,0.9543,	-5.00,-27.09,-73.06,	1.46,-4.76,-3.66	1.5673,	53.143056,-1.450692,	16:14:47:80
0.0187,-0.2567,0.9535,	-5.00,-27.09,-73.06,	1.34,-4.76,-3.66	1.5769,	53.143056,-1.450692,	16:14:47:80
0.0179,-0.2533,0.9503,	-4.64,-27.09,-73.16,	1.40,-4.88,-3.66	1.5865,	53.143056,-1.450692,	16:14:47:90
0.0198,-0.2555,0.9495,	-4.64,-27.09,-73.16,	1.40,-4.88,-3.66	1.5962,	53.143056,-1.450692,	16:14:47:90
0.0186,-0.2551,0.9503,	-4.73,-27.09,-73.27,	1.40,-4.76,-3.66	1.6058,	53.143056,-1.450692,	16:14:47:90
0.0182,-0.2544,0.9548,	-4.73,-27.09,-73.27,	1.40,-4.88,-3.72	1.6154,	53.143056,-1.450692,	16:14:48:0
0.0192,-0.2538,0.9500,	-4.64,-26.91,-72.96,	1.46,-4.82,-3.72	1.6250,	53.143056,-1.450692,	16:14:48:0
0.0187,-0.2563,0.9536,	-4.64,-26.91,-72.96,	1.40,-4.88,-3.60	1.6346,	53.143056,-1.450692,	16:14:48:10
0.0186,-0.2551,0.9534,	-4.73,-27.18,-73.06,	1.34,-4.82,-3.66	1.6442,	53.143056,-1.450692,	16:14:48:10
0.0195,-0.2555,0.9541,	-4.73,-27.18,-73.06,	1.40,-4.88,-3.66	1.6538,	53.143056,-1.450692,	16:14:48:10
0.0182,-0.2534,0.9543,	-4.55,-27.00,-73.27,	1.46,-4.76,-3.66	1.6635,	53.143056,-1.450693,	16:14:48:20
0.0197,-0.2565,0.9502,	-4.55,-27.00,-73.27,	1.40,-4.94,-3.60	1.6731,	53.143056,-1.450693,	16:14:48:20
0.0182,-0.2532,0.9485,	-4.82,-26.91,-73.27,	1.46,-4.82,-3.66	1.6827,	53.143056,-1.450693,	16:14:48:20
0.0177,-0.2549,0.9530,	-4.82,-26.91,-73.27,	1.46,-4.76,-3.66	1.6923,	53.143056,-1.450693,	16:14:48:30
0.0199,-0.2563,0.9526,	-4.91,-27.00,-73.27,	1.40,-4.76,-3.66	1.7019,	53.143056,-1.450693,	16:14:48:30
0.0186,-0.2549,0.9545,	-4.91,-27.00,-73.27,	1.53,-4.82,-3.66	1.7115,	53.143056,-1.450693,	16:14:48:30
0.0184,-0.2554,0.9528,	-5.00,-27.09,-73.16,	1.40,-4.88,-3.72	1.7308,	-20740.220649,-14.000000,	16:14:48:40
0.0200,-0.2548,0.9471,	-5.00,-27.09,-73.16,	1.46,-4.94,-3.66	1.7404,	53.143055,-1.450694,	16:14:48:50
0.0208,-0.2545,0.9478,	-4.73,-27.09,-73.27,	1.40,-4.82,-3.72	1.7500,	53.143055,-1.450694,	16:14:48:50
0.0200,-0.2548,0.9493,	-4.73,-27.09,-73.27,	1.46,-4.82,-3.72	1.7596,	53.143055,-1.450694,	16:14:48:50
0.0193,-0.2549,0.9490,	-4.91,-27.09,-73.16,	1.40,-4.76,-3.66	1.7692,	53.143055,-1.450694,	16:14:48:60
0.0182,-0.2538,0.9513,	-4.91,-27.09,-73.16,	1.40,-4.76,-3.60	1.7788,	53.143055,-1.450694,	16:14:48:60
0.0188,-0.2549,0.9487,	-4.64,-27.09,-73.27,	1.40,-4.76,-3.72	1.7885,	53.143055,-1.450694,	16:14:48:60
0.0190,-0.2545,0.9495,	-4.64,-27.09,-73.27,	1.46,-4.82,-3.72	1.7981,	53.143055,-1.450695,	16:14:48:70
0.0187,-0.2563,0.9520,	-4.55,-27.00,-73.16,	1.46,-4.82,-3.72	1.8077,	53.143055,-1.450695,	16:14:48:70
0.0200,-0.2550,0.9525,	-4.55,-27.00,-73.16,	1.46,-4.82,-3.72	1.8173,	53.143055,-1.450695,	16:14:48:70
0.0193,-0.2550,0.9521,	-4.64,-26.91,-73.16,	1.40,-4.76,-3.66	1.8269,	53.143055,-1.450695,	16:14:48:80
0.0197,-0.2559,0.9520,	-4.64,-26.91,-73.16,	1.40,-4.76,-3.66	1.8365,	53.143055,-1.450695,	16:14:48:80
0.0199,-0.2560,0.9532,	-4.45,-27.27,-73.16,	1.34,-4.82,-3.60	1.8462,	53.143055,-1.450695,	16:14:48:80
0.0198,-0.2555,0.9534,	-4.45,-27.27,-73.16,	1.46,-4.76,-3.66	1.8558,	53.143055,-1.450695,	16:14:48:90
0.0190,-0.2561,0.9546,	-4.73,-27.00,-73.37,	1.34,-4.70,-3.66	1.8654,	53.143055,-1.450695,	16:14:48:90
0.0199,-0.2543,0.9525,	-4.73,-27.00,-73.37,	1.40,-4.82,-3.66	1.8750,	53.143055,-1.450695,	16:14:48:90
0.0198,-0.2559,0.9517,	-5.00,-26.91,-73.27,	1.40,-4.70,-3.60	1.8846,	53.143055,-1.450696,	16:14:49:0
0.0200,-0.2565,0.9536,	-5.00,-26.91,-73.27,	1.34,-4.76,-3.66	1.8942,	53.143055,-1.450696,	16:14:49:0
0.0193,-0.2555,0.9551,	-4.73,-26.91,-73.16,	1.46,-4.88,-3.66	1.9038,	53.143055,-1.450696,	16:14:49:10
0.0190,-0.2544,0.9509,	-4.73,-27.00,-73.37,	1.34,-4.76,-3.60	1.9231,	-38932.220649,-14.000000,	16:14:49:10
0.0182,-0.2540,0.9543,	-4.82,-27.00,-73.16,	1.40,-4.82,-3.66	1.9327,	53.143054,-1.450697,	16:14:49:20
0.0186,-0.2563,0.9562,	-4.82,-27.00,-73.16,	1.40,-4.88,-3.72	1.9423,	53.143054,-1.450697,	16:14:49:20
0.0193,-0.2555,0.9539,	-4.91,-26.73,-73.27,	1.46,-4.88,-3.66	1.9519,	53.143054,-1.450697,	16:14:49:20
0.0192,-0.2546,0.9531,	-4.91,-26.73,-73.27,	1.34,-4.76,-3.60	1.9615,	53.143054,-1.450697,	16:14:49:30
0.0186,-0.2544,0.9517,	-4.73,-27.00,-73.27,	1.46,-4.82,-3.72	1.9712,	53.143054,-1.450697,	16:14:49:30
0.0195,-0.2544,0.9556,	-4.73,-27.00,-73.27,	1.40,-4.82,-3.66	1.9808,	53.143054,-1.450697,	16:14:49:30
0.0190,-0.2548,0.9531,	-4.64,-27.00,-73.16,	1.46,-4.82,-3.66	1.9904,	53.143054,-1.450697,	16:14:49:40
0.0194,-0.2562,0.9561,	-4.64,-27.00,-73.16,	1.40,-4.82,-3.72	2.0000,	53.143054,-1.450697,	16:14:49:40
0.0195,-0.2549,0.9507,	-4.91,-27.09,-73.06,	1.46,-4.82,-3.66	2.0096,	53.143054,-1.450697,	16:14:49:40
0.0189,-0.2545,0.9523,	-4.91,-27.09,-73.06,	1.40,-4.88,-3.72	2.0192,	53.143054,-1.450697,	16:14:49:50
0.0204,-0.2552,0.9550,	-4.55,-27.00,-73.06,	1.40,-4.82,-3.72	2.0288,	53.143054,-1.450697,	16:14:49:50
0.0198,-0.2549,0.9583,	-4.55,-27.00,-73.06,	1.34,-4.82,-3.66	2.0385,	53.143054,-1.450697,	16:14:49:50
0.0188,-0.2539,0.9581,	-4.55,-27.09,-73.16,	1.40,-4.82,-3.66	2.0481,	53.143054,-1.450698,	16:14:49:60
0.0199,-0.2551,0.9584,	-4.55,-27.09,-73.16,	1.46,-4.88,-3.72	2.0577,	53.143054,-1.450698,	16:14:49:60
0.0201,-0.2554,0.9606,	-4.64,-26.82,-72.96,	1.46,-4.82,-3.60	2.0673,	53.143054,-1.450698,	16:14:49:70
0.0184,-0.2552,0.9583,	-4.64,-26.82,-72.96,	1.46,-4.82,-3.60	2.0769,	53.143054,-1.450698,	16:14:49:70
0.0195,-0.2554,0.9578,	-4.73,-27.00,-73.06,	1.46,-4.82,-3.66	2.0865,	53.143054,-1.450698,	16:14:49:70
0.0192,-0.2554,0.9595,	-4.73,-27.00,-73.06,	1.34,-4.76,-3.66	2.0962,	53.143054,-1.450698,	16:14:49:80
0.0193,-0.2554,0.9569,	-4.73,-26.91,-73.27,	1.40,-4.82,-3.66	2.1154,	-35883.220649,-14.000000,	16:14:49:80
0.0193,-0.2535,0.9564,	-4.73,-26.91,-73.27,	1.40,-4.76,-3.66	2.1250,	53.143054,-1.450699,	16:14:49:90
0.0190,-0.2542,0.9558,	-4.73,-27.00,-73.06,	1.46,-4.82,-3.66	2.1346,	53.143054,-1.450699,	16:14:49:90
0.0184,-0.2560,0.9579,	-4.73,-27.00,-73.06,	1.34,-4.76,-3.66	2.1442,	53.143054,-1.450699,	16:14:49:90
0.0186,-0.2548,0.9568,	-4.73,-27.00,-73.06,	1.40,-4.82,-3.66	2.1538,	53.143054,-1.450700,	16:14:50:0
0.0195,-0.2549,0.9583,	-4.73,-27.00,-73.06,	1.46,-4.82,-3.66	2.1635,	53.143054,-1.450700,	16:14:50:0
0.0203,-0.2543,0.9613,	-4.55,-27.00,-73.16,	1.40,-4.82,-3.66	2.1731,	53.143054,-1.450700,	16:14:50:10
0.0201,-0.2551,0.9591,	-4.55,-27.00,-73.16,	1.46,-4.88,-3.66	2.1827,	53.143054,-1.450700,	16:14:50:10
0.0192,-0.2554,0.9600,	-4.82,-26.82,-73.06,	1.34,-4.76,-3.60	2.1923,	53.143054,-1.450700,	16:14:50:10
0.0200,-0.2552,0.9596,	-4.82,-26.82,-73.06,	1.34,-4.76,-3.60	2.2019,	53.143054,-1.450700,	16:14:50:20
0.0192,-0.2544,0.9619,	-4.64,-27.00,-73.16,	1.40,-4.88,-3.72	2.2115,	53.143054,-1.450700,	16:14:50:20
0.0194,-0.2549,0.9628,	-4.64,-27.00,-73.16,	1.46,-4.94,-3.66	2.2212,	53.143054,-1.450700,	16:14:50:20
0.0189,-0.2546,0.9639,	-4.55,-27.27,-73.16,	1.40,-4.82,-3.72	2.2308,	53.143054,-1.450700,	16:14:50:30
0.0198,-0.2549,0.9630,	-4.55,-27.27,-73.16,	1.46,-4.82,-3.66	2.2404,	53.143054,-1.450700,	16:14:50:30
0.0199,-0.2554,0.9645,	-4.55,-27.09,-73.16,	1.40,-4.82,-3.72	2.2500,	53.143054,-1.450700,	16:14:50:30
0.0197,-0.2548,0.9635,	-4.55,-27.09,-73.16,	1.46,-4.88,-3.72	2.2596,	53.143054,-1.450700,	16:14:50:40
0.0193,-0.2551,0.9650,	-4.91,-27.09,-73.27,	1.40,-4.88,-3.66	2.2692,	53.143054,-1.450700,	16:14:50:40
0.0198,-0.2549,0.9641,	-4.91,-27.09,-73.27,	1.46,-4.88,-3.66	2.2788,	53.143054,-1.450700,	16:14:50:40
0.0199,-0.2562,0.9642,	-4.73,-27.18,-72.96,	1.40,-4.88,-3.66	2.2885,	53.143054,-1.450701,	16:14:50:50
0.0198,-0.2552,0.9648,	-4.73,-27.00,-72.96,	1.46,-4.88,-3.72	2.3077,	-25689.220649,-14.000000,	16:14:50:50
0.0192,-0.2551,0.9651,	-4.73,-27.00,-73.06,	1.40,-4.82,-3.72	2.3173,	53.143054,-1.450701,	16:14:50:60
0.0198,-0.2543,0.9652,	-4.73,-27.00,-73.06,	1.40,-4.82,-3.66	2.3269,	53.143054,-1.450701,	16:14:50:60
0.0195,-0.2548,0.9648,	-4.73,-26.82,-73.06,	1.53,-4.88,-3.72	2.3365,	53.143054,-1.450702,	16:14:50:70
0.0195,-0.2544,0.9639,	-4.73,-26.82,-73.06,	1.46,-4.82,-3.66	2.3462,	53.143054,-1.450702,	16:14:50:70
0.0203,-0.2555,0.9640,	-4.64,-26.82,-72.86,	1.40,-4.82,-3.60	2.3558,	53.143054,-1.450702,	16:14:50:70
0.0190,-0.2544,0.9650,	-4.64,-26.82,-72.86,	1.46,-4.88,-3.72	2.3654,	53.143054,-1.450702,	16:14:50:80
0.0204,-0.2554,0.9647,	-4.64,-27.18,-73.16,	1.40,-4.82,-3.66	2.3750,	53.143054,-1.450702,	16:14:50:80
0.0198,-0.2543,0.9641,	-4.64,-27.18,-73.16,	1.40,-4.82,-3.72	2.3846,	53.143054,-1.450702,	16:14:50:80
0.0197,-0.2538,0.9642,	-5.00,-27.09,-73.06,	1.46,-4.88,-3.66	2.3942,	53.143054,-1.450702,	16:14:50:90
0.0199,-0.2559,0.9650,	-5.00,-27.09,-73.06,	1.46,-4.82,-3.66	2.4038,	53.143054,-1.450702,	16:14:50:90
0.0195,-0.2552,0.9653,	-4.82,-26.82,-73.47,	1.40,-4.82,-3.66	2.4135,	53.143054,-1.450702,	16:14:50:90
0.0195,-0.2546,0.9659,	-4.82,-26.82,-73.47,	1.40,-4.88,-3.66	2.4231,	53.143054,-1.450702,	16:14:51:0
0.0195,-0.2551,0.9661,	-4.55,-26.91,-73.06,	1.40,-4.82,-3.60	2.4327,	53.143054,-1.450702,	16:14:51:0
0.0199,-0.2538,0.9636,	-4.55,-26.91,-73.06,	1.53,-4.94,-3.66	2.4423,	53.143054,-1.450702,	16:14:51:0
0.0204,-0.2543,0.9639,	-4.82,-27.00,-73.27,	1.53,-4.82,-3.66	2.4519,	53.143054,-1.450702,	16:14:51:10
0.0187,-0.2539,0.9657,	-4.82,-27.00,-73.27,	1.40,-4.82,-3.66	2.4615,	53.143054,-1.450702,	16:14:51:10
0.0198,-0.2556,0.9656,	-4.73,-27.00,-73.16,	1.40,-4.88,-3.72	2.4712,	53.143054,-1.450702,	16:14:51:20
0.0198,-0.2550,0.9668,	-4.73,-27.00,-73.16,	1.34,-4.82,-3.60	2.4808,	53.143054,-1.450702,	16:14:51:20
0.0192,-0.2544,0.9663,	-4.55,-27.27,-73.16,	1.40,-4.82,-3.60	2.5000,	53.143054,-1.450702,	16:14:51:30
0.0192,-0.2548,0.9683,	-4.55,-27.27,-73.16,	1.40,-4.82,-3.66	2.5096,	53.143054,-1.450702,	16:14:51:30
0.0201,-0.2555,0.9666,	-4.64,-26.91,-72.96,	1.46,-4.88,-3.66	2.5192,	53.143054,-1.450702,	16:14:51:30
0.0192,-0.2551,0.9661,	-4.64,-26.91,-72.96,	1.40,-4.82,-3.72	2.5288,	53.143054,-1.450702,	16:14:51:40
0.0198,-0.2537,0.9658,	-4.64,-27.18,-73.06,	1.46,-4.88,-3.66	2.5385,	53.143054,-1.450702,	16:14:51:40
0.0195,-0.2551,0.9674,	-4.64,-27.18,-73.06,	1.40,-4.82,-3.66	2.5481,	53.143054,-1.450702,	16:14:51:40
0.0195,-0.2540,0.9662,	-4.91,-27.00,-73.06,	1.40,-4.82,-3.66	2.5577,	53.143054,-1.450702,	16:14:51:50
0.0199,-0.2544,0.9683,	-4.91,-27.00,-73.06,	1.46,-4.88,-3.72	2.5673,	53.143054,-1.450702,	16:14:51:50
0.0199,-0.2540,0.9668,	-4.73,-27.00,-72.96,	1.46,-4.88,-3.72	2.5769,	53.143054,-1.450702,	16:14:51:50
0.0195,-0.2554,0.9673,	-4.73,-27.00,-72.96,	1.40,-4.82,-3.66	2.5865,	53.143054,-1.450703,	16:14:51:60
0.0198,-0.2545,0.9668,	-4.82,-26.91,-72.86,	1.46,-4.94,-3.60	2.5962,	53.143054,-1.450703,	16:14:51:60
0.0188,-0.2538,0.9668,	-4.82,-26.91,-72.86,	1.40,-4.76,-3.66	2.6058,	53.143054,-1.450703,	16:14:51:70
0.0198,-0.2552,0.9662,	-4.82,-27.00,-72.96,	1.40,-4.82,-3.66	2.6154,	53.143054,-1.450703,	16:14:51:70
0.0204,-0.2548,0.9652,	-4.82,-27.00,-72.96,	1.34,-4.82,-3.72	2.6250,	53.143054,-1.450703,	16:14:51:70
0.0186,-0.2542,0.9641,	-4.82,-27.09,-73.06,	1.46,-4.88,-3.66	2.6346,	53.143054,-1.450703,	16:14:51:80
0.0208,-0.2567,0.9633,	-4.82,-27.09,-73.06,	1.40,-4.88,-3.66	2.6442,	53.143054,-1.450703,	16:14:51:80
0.0194,-0.2554,0.9655,	-4.82,-26.91,-73.16,	1.40,-4.88,-3.66	2.6538,	53.143054,-1.450703,	16:14:51:80
0.0188,-0.2538,0.9684,	-4.82,-26.91,-73.16,	1.46,-4.82,-3.66	2.6635,	53.143054,-1.450703,	16:14:51:90
0.0192,-0.2544,0.9675,	-4.82,-27.00,-73.06,	1.40,-4.82,-3.66	2.6731,	53.143054,-1.450703,	16:14:51:90
0.0203,-0.2540,0.9608,	-4.73,-27.00,-73.06,	1.46,-4.88,-3.66	2.6923,	53.143054,-1.450703,	16:14:52:0
0.0195,-0.2524,0.9631,	-4.91,-27.00,-72.96,	1.40,-4.82,-3.72	2.7019,	53.143054,-1.450703,	16:14:52:0
0.0201,-0.2549,0.9641,	-4.91,-27.00,-72.96,	1.46,-4.88,-3.66	2.7115,	53.143054,-1.450703,	16:14:52:0
0.0186,-0.2550,0.9656,	-4.64,-27.09,-73.16,	1.40,-4.82,-3.66	2.7212,	53.143054,-1.450704,	16:14:52:10
0.0192,-0.2548,0.9664,	-4.64,-27.09,-73.16,	1.46,-4.82,-3.72	2.7308,	53.143054,-1.450704,	16:14:52:10
0.0199,-0.2556,0.9647,	-4.64,-26.82,-73.16,	1.46,-4.88,-3.72	2.7404,	53.143054,-1.450704,	16:14:52:20
0.0197,-0.2539,0.9644,	-4.64,-26.82,-73.16,	1.46,-4.82,-3.72	2.7500,	53.143054,-1.450704,	16:14:52:20
0.0204,-0.2559,0.9651,	-4.64,-26.73,-73.16,	1.40,-4.88,-3.60	2.7596,	53.143054,-1.450704,	16:14:52:20
0.0190,-0.2573,0.9664,	-4.64,-26.73,-73.16,	1.40,-4.82,-3.66	2.7692,	53.143054,-1.450704,	16:14:52:30
0.0189,-0.2554,0.9683,	-4.82,-26.91,-73.16,	1.46,-4.88,-3.72	2.7788,	53.143054,-1.450704,	16:14:52:30
0.0184,-0.2545,0.9668,	-4.82,-26.91,-73.16,	1.40,-4.82,-3.66	2.7885,	53.143054,-1.450704,	16:14:52:30
0.0203,-0.2567,0.9694,	-4.55,-26.91,-73.16,	1.34,-4.76,-3.72	2.7981,	53.143054,-1.450704,	16:14:52:40
0.0199,-0.2549,0.9685,	-4.55,-26.91,-73.16,	1.40,-4.88,-3.66	2.8077,	53.143054,-1.450704,	16:14:52:40
0.0197,-0.2556,0.9691,	-4.82,-27.00,-73.27,	1.40,-4.82,-3.78	2.8173,	53.143054,-1.450704,	16:14:52:40
0.0199,-0.2548,0.9658,	-4.82,-27.00,-73.27,	1.40,-4.88,-3.72	2.8269,	53.143054,-1.450704,	16:14:52:50
0.0187,-0.2545,0.9702,	-4.73,-27.00,-73.06,	1.40,-4.88,-3.72	2.8365,	53.143054,-1.450704,	16:14:52:50
0.0197,-0.2546,0.9669,	-4.73,-27.00,-73.06,	1.46,-4.88,-3.66	2.8462,	53.143054,-1.450704,	16:14:52:50
0.0199,-0.2551,0.9674,	-4.91,-27.27,-72.86,	1.40,-4.76,-3.66	2.8558,	53.143054,-1.450704,	16:14:52:60
0.0194,-0.2550,0.9700,	-4.91,-27.27,-72.86,	1.46,-4.82,-3.66	2.8654,	53.143054,-1.450704,	16:14:52:60
0.0194,-0.2546,0.9662,	-4.82,-27.18,-73.16,	1.46,-4.82,-3.66	2.8846,	53.143054,-1.450705,	16:14:52:70
0.0206,-0.2532,0.9646,	-4.82,-27.18,-73.16,	1.40,-4.76,-3.66	2.8942,	53.143054,-1.450705,	16:14:52:70
0.0190,-0.2542,0.9670,	-4.73,-27.27,-73.37,	1.46,-4.76,-3.66	2.9038,	53.143054,-1.450704,	16:14:52:80
0.0203,-0.2543,0.9677,	-4.73,-27.27,-73.37,	1.40,-4.76,-3.72	2.9135,	53.143054,-1.450704,	16:14:52:80
0.0190,-0.2544,0.9675,	-4.64,-26.91,-73.16,	1.40,-4.82,-3.72	2.9231,	53.143054,-1.450704,	16:14:52:80
0.0194,-0.2546,0.9681,	-4.64,-26.91,-73.16,	1.46,-4.88,-3.66	2.9327,	53.143054,-1.450705,	16:14:52:90
0.0204,-0.2549,0.9697,	-4.73,-26.91,-72.96,	1.40,-4.88,-3.66	2.9423,	53.143054,-1.450705,	16:14:52:90
0.0203,-0.2540,0.9683,	-4.73,-26.91,-72.96,	1.46,-4.88,-3.66	2.9519,	53.143054,-1.450705,	16:14:52:90
0.0203,-0.2546,0.9686,	-4.73,-27.09,-72.96,	1.46,-4.82,-3.72	2.9615,	53.143054,-1.450705,	16:14:53:0
0.0195,-0.2550,0.9690,	-4.73,-27.09,-72.96,	1.46,-4.88,-3.66	2.9712,	53.143054,-1.450705,	16:14:53:0
0.0195,-0.2543,0.9703,	-4.73,-26.82,-73.27,	1.40,-4.88,-3.72	2.9808,	53.143054,-1.450705,	16:14:53:0
0.0200,-0.2548,0.9694,	-4.73,-26.82,-73.27,	1.40,-4.76,-3.66	2.9904,	53.143054,-1.450705,	16:14:53:10
0.0198,-0.2545,0.9694,	-4.64,-27.00,-72.96,	1.46,-4.82,-3.60	3.0000,	53.143054,-1.450705,	16:14:53:10
0.0181,-0.2537,0.9680,	-4.64,-27.00,-72.96,	1.40,-4.82,-3.60	3.0096,	53.143054,-1.450705,	16:14:53:10
0.0192,-0.2542,0.9668,	-4.64,-26.91,-72.86,	1.46,-4.88,-3.66	3.0192,	53.143053,-1.450705,	16:14:53:20
0.0194,-0.2549,0.9678,	-4.64,-26.91,-72.86,	1.40,-4.82,-3.60	3.0288,	53.143053,-1.450705,	16:14:53:20
0.0190,-0.2548,0.9692,	-4.64,-26.91,-72.96,	1.40,-4.88,-3.72	3.0385,	53.143053,-1.450705,	16:14:53:30
0.0194,-0.2549,0.9695,	-4.64,-26.91,-72.96,	1.34,-4.82,-3.72	3.0481,	53.143053,-1.450705,	16:14:53:30
0.0197,-0.2540,0.9669,	-4.82,-26.91,-73.16,	1.46,-4.82,-3.72	3.0577,	53.143053,-1.450705,	16:14:53:30
0.0189,-0.2545,0.9705,	-4.91,-26.91,-73.06,	1.40,-4.82,-3.60	3.0769,	53.143053,-1.450705,	16:14:53:40
0.0188,-0.2537,0.9655,	-4.91,-26.82,-73.27,	1.46,-4.88,-3.72	3.0865,	53.143053,-1.450705,	16:14:53:40
0.0201,-0.2542,0.9680,	-4.73,-26.82,-73.27,	1.46,-4.88,-3.60	3.0962,	53.143053,-1.450706,	16:14:53:50
0.0198,-0.2549,0.9652,	-4.64,-27.09,-73.27,	1.53,-4.94,-3.72	3.1058,	53.143053,-1.450706,	16:14:53:50
0.0194,-0.2551,0.9684,	-4.64,-27.09,-73.27,	1.34,-4.88,-3.60	3.1154,	53.143053,-1.450706,	16:14:53:50
0.0193,-0.2540,0.9677,	-4.73,-27.09,-72.96,	1.53,-4.82,-3.66	3.1250,	53.143053,-1.450706,	16:14:53:60
0.0192,-0.2555,0.9690,	-4.73,-27.09,-72.96,	1.40,-4.82,-3.60	3.1346,	53.143053,-1.450706,	16:14:53:60
0.0188,-0.2532,0.9672,	-4.82,-27.00,-73.06,	1.53,-4.88,-3.66	3.1442,	53.143053,-1.450706,	16:14:53:60
0.0192,-0.2533,0.9692,	-4.82,-27.00,-73.06,	1.46,-4.82,-3.66	3.1538,	53.143053,-1.450707,	16:14:53:70
0.0188,-0.2544,0.9681,	-4.91,-27.00,-73.06,	1.40,-4.76,-3.66	3.1635,	53.143053,-1.450707,	16:14:53:70
0.0200,-0.2545,0.9683,	-4.91,-27.00,-73.06,	1.40,-4.76,-3.72	3.1731,	53.143053,-1.450707,	16:14:53:70
0.0193,-0.2537,0.9688,	-4.73,-27.00,-73.16,	1.46,-4.82,-3.72	3.1827,	53.143053,-1.450707,	16:14:53:80
0.0187,-0.2537,0.9675,	-4.73,-27.00,-73.16,	1.34,-4.88,-3.72	3.1923,	53.143053,-1.450707,	16:14:53:80
0.0190,-0.2527,0.9647,	-4.55,-26.82,-73.16,	1.46,-4.88,-3.60	3.2019,	53.143053,-1.450707,	16:14:53:90
0.0198,-0.2546,0.9642,	-4.55,-26.82,-73.16,	1.34,-4.76,-3.60	3.2115,	53.143053,-1.450707,	16:14:53:90
0.0190,-0.2540,0.9644,	-4.91,-27.09,-73.16,	1.40,-4.82,-3.60	3.2212,	53.143053,-1.450707,	16:14:53:90
0.0200,-0.2551,0.9655,	-4.91,-27.09,-73.16,	1.40,-4.82,-3.60	3.2308,	53.143053,-1.450707,	16:14:54:0
0.0205,-0.2552,0.9645,	-5.00,-27.00,-73.37,	1.46,-4.82,-3.66	3.2404,	53.143053,-1.450707,	16:14:54:0
0.0199,-0.2555,0.9664,	-5.00,-27.00,-73.37,	1.40,-4.82,-3.54	3.2500,	53.143053,-1.450707,	16:14:54:0
0.0206,-0.2546,0.9686,	-4.64,-27.09,-73.06,	1.40,-4.76,-3.66	3.2692,	-9397.220649,-14.000000,	16:14:54:10
0.0197,-0.2538,0.9658,	-4.64,-26.91,-72.96,	1.40,-4.82,-3.66	3.2788,	-9397.220649,-14.000000,	16:14:54:10
0.0201,-0.2551,0.9672,	-4.64,-26.91,-72.96,	1.34,-4.88,-3.66	3.2885,	53.143053,-1.450708,	16:14:54:20
0.0198,-0.2542,0.9646,	-4.55,-26.91,-72.76,	1.46,-4.88,-3.72	3.2981,	53.143053,-1.450708,	16:14:54:20
0.0198,-0.2560,0.9670,	-4.64,-27.18,-72.86,	1.40,-4.82,-3.60	3.3077,	53.143053,-1.450708,	16:14:54:30
0.0186,-0.2538,0.9668,	-4.64,-27.18,-72.86,	1.46,-4.88,-3.66	3.3173,	53.143053,-1.450708,	16:14:54:30
0.0199,-0.2555,0.9680,	-4.55,-27.00,-73.16,	1.40,-4.82,-3.66	3.3269,	53.143053,-1.450708,	16:14:54:30
0.0200,-0.2552,0.9664,	-4.55,-27.00,-73.16,	1.46,-4.88,-3.66	3.3365,	53.143053,-1.450708,	16:14:54:40
0.0194,-0.2546,0.9674,	-4.73,-27.18,-72.96,	1.40,-4.82,-3.66	3.3462,	53.143053,-1.450708,	16:14:54:40
0.0194,-0.2550,0.9645,	-4.73,-27.18,-72.96,	1.40,-4.82,-3.72	3.3558,	53.143053,-1.450708,	16:14:54:40
0.0188,-0.2559,0.9655,	-4.82,-27.00,-73.06,	1.40,-4.88,-3.66	3.3654,	53.143052,-1.450708,	16:14:54:50
0.0195,-0.2556,0.9628,	-4.82,-27.00,-73.06,	1.40,-4.82,-3.60	3.3750,	53.143052,-1.450708,	16:14:54:50
0.0192,-0.2552,0.9656,	-4.55,-27.00,-73.27,	1.34,-4.70,-3.54	3.3846,	53.143052,-1.450708,	16:14:54:50
0.0200,-0.2552,0.9661,	-4.55,-27.00,-73.27,	1.46,-4.76,-3.60	3.3942,	53.143052,-1.450708,	16:14:54:60
0.0195,-0.2567,0.9662,	-4.82,-27.00,-73.16,	1.40,-4.88,-3.72	3.4038,	53.143052,-1.450708,	16:14:54:60
0.0199,-0.2549,0.9680,	-4.82,-27.00,-73.16,	1.46,-4.82,-3.72	3.4135,	53.143052,-1.450708,	16:14:54:60
0.0203,-0.2542,0.9674,	-4.73,-26.91,-73.16,	1.46,-4.88,-3.66	3.4231,	53.143052,-1.450708,	16:14:54:70
0.0197,-0.2551,0.9664,	-4.73,-26.91,-73.16,	1.46,-4.82,-3.72	3.4327,	53.143052,-1.450708,	16:14:54:70
0.0198,-0.2543,0.9683,	-4.64,-27.00,-73.06,	1.34,-4.82,-3.66	3.4423,	53.143052,-1.450708,	16:14:54:70
0.0194,-0.2552,0.9661,	-4.64,-27.00,-73.37,	1.40,-4.82,-3.66	3.4615,	-20637.220649,-14.000000,	16:14:54:80
0.0193,-0.2551,0.9655,	-4.64,-27.00,-73.37,	1.40,-4.88,-3.60	3.4712,	53.143052,-1.450708,	16:14:54:90
0.0181,-0.2549,0.9666,	-4.64,-27.00,-73.06,	1.46,-4.88,-3.66	3.4808,	53.143052,-1.450708,	16:14:54:90
0.0203,-0.2559,0.9653,	-4.64,-27.00,-73.06,	1.40,-4.82,-3.66	3.4904,	53.143052,-1.450708,	16:14:54:90
0.0205,-0.2556,0.9684,	-4.73,-26.91,-72.96,	1.46,-4.88,-3.72	3.5000,	53.143052,-1.450708,	16:14:55:0
0.0201,-0.2551,0.9642,	-5.00,-27.00,-73.06,	1.40,-4.88,-3.66	3.5096,	53.143052,-1.450708,	16:14:55:0
0.0199,-0.2548,0.9637,	-5.00,-27.00,-73.06,	1.40,-4.88,-3.72	3.5192,	53.143052,-1.450708,	16:14:55:0
0.0200,-0.2554,0.9633,	-4.64,-27.00,-72.96,	1.53,-4.82,-3.60	3.5288,	53.143052,-1.450709,	16:14:55:10
0.0188,-0.2554,0.9661,	-4.64,-27.00,-72.96,	1.40,-4.82,-3.72	3.5385,	53.143052,-1.450709,	16:14:55:10
0.0192,-0.2548,0.9651,	-4.64,-26.82,-73.06,	1.40,-4.82,-3.72	3.5481,	53.143052,-1.450709,	16:14:55:10
0.0194,-0.2557,0.9663,	-4.64,-26.82,-73.06,	1.46,-4.82,-3.66	3.5577,	53.143052,-1.450709,	16:14:55:20
0.0195,-0.2551,0.9653,	-4.73,-26.91,-72.96,	1.40,-4.82,-3.60	3.5673,	53.143052,-1.450709,	16:14:55:20
0.0195,-0.2545,0.9685,	-4.73,-26.91,-72.96,	1.40,-4.82,-3.60	3.5769,	53.143052,-1.450709,	16:14:55:20
0.0193,-0.2551,0.9670,	-4.82,-27.18,-73.27,	1.46,-4.82,-3.66	3.5865,	53.143051,-1.450709,	16:14:55:30
0.0193,-0.2548,0.9684,	-4.82,-27.18,-73.27,	1.40,-4.82,-3.72	3.5962,	53.143051,-1.450709,	16:14:55:30
0.0190,-0.2550,0.9670,	-4.73,-27.18,-73.47,	1.46,-4.88,-3.72	3.6058,	53.143051,-1.450709,	16:14:55:40
0.0204,-0.2549,0.9681,	-4.73,-27.18,-73.47,	1.40,-4.82,-3.66	3.6154,	53.143051,-1.450709,	16:14:55:40
0.0204,-0.2561,0.9684,	-4.82,-26.91,-73.06,	1.46,-4.88,-3.66	3.6250,	53.143051,-1.450709,	16:14:55:40
0.0197,-0.2551,0.9669,	-4.82,-26.91,-73.06,	1.46,-4.82,-3.66	3.6346,	53.143051,-1.450709,	16:14:55:50
0.0201,-0.2559,0.9690,	-4.82,-27.00,-72.96,	1.46,-4.88,-3.72	3.6538,	-61881.220649,-14.000000,	16:14:55:50
0.0200,-0.2554,0.9664,	-4.36,-27.18,-73.37,	1.34,-4.82,-3.72	3.6635,	53.143051,-1.450710,	16:14:55:60
0.0189,-0.2543,0.9672,	-4.36,-27.18,-73.37,	1.46,-4.88,-3.66	3.6731,	53.143051,-1.450710,	16:14:55:60
0.0200,-0.2548,0.9677,	-4.91,-27.00,-73.27,	1.40,-4.82,-3.72	3.6827,	53.143051,-1.450710,	16:14:55:60
0.0189,-0.2544,0.9692,	-4.91,-27.00,-73.27,	1.40,-4.82,-3.66	3.6923,	53.143051,-1.450709,	16:14:55:70
0.0197,-0.2561,0.9709,	-4.64,-27.18,-73.06,	1.34,-4.82,-3.60	3.7019,	53.143051,-1.450709,	16:14:55:70
0.0197,-0.2552,0.9701,	-4.73,-27.00,-73.16,	1.46,-4.88,-3.60	3.7115,	53.143051,-1.450709,	16:14:55:70
0.0188,-0.2556,0.9684,	-4.73,-27.00,-73.16,	1.40,-4.82,-3.72	3.7212,	53.143051,-1.450709,	16:14:55:80
0.0194,-0.2550,0.9642,	-4.73,-27.09,-73.27,	1.34,-4.76,-3.60	3.7308,	53.143051,-1.450709,	16:14:55:80
0.0197,-0.2560,0.9694,	-4.73,-27.09,-73.27,	1.40,-4.76,-3.72	3.7404,	53.143051,-1.450709,	16:14:55:80
0.0189,-0.2552,0.9701,	-4.73,-27.00,-73.06,	1.46,-4.76,-3.60	3.7500,	53.143051,-1.450709,	16:14:55:90
0.0195,-0.2546,0.9690,	-4.73,-27.00,-73.06,	1.34,-4.76,-3.66	3.7596,	53.143051,-1.450709,	16:14:55:90
0.0187,-0.2556,0.9688,	-4.82,-27.18,-72.96,	1.34,-4.76,-3.54	3.7692,	53.143051,-1.450709,	16:14:56:0
0.0197,-0.2546,0.9686,	-4.82,-27.18,-72.96,	1.40,-4.88,-3.66	3.7788,	53.143051,-1.450709,	16:14:56:0
0.0194,-0.2549,0.9651,	-4.45,-27.00,-72.86,	1.53,-4.88,-3.72	3.7885,	53.143051,-1.450709,	16:14:56:0
0.0198,-0.2554,0.9629,	-4.45,-27.00,-72.86,	1.53,-4.82,-3.66	3.7981,	53.143051,-1.450710,	16:14:56:10
0.0183,-0.2551,0.9626,	-4.73,-26.73,-72.96,	1.40,-4.82,-3.66	3.8077,	53.143051,-1.450710,	16:14:56:10
0.0197,-0.2552,0.9606,	-4.73,-26.73,-72.96,	1.40,-4.82,-3.66	3.8173,	53.143051,-1.450710,	16:14:56:10
0.0194,-0.2550,0.9594,	-4.82,-27.00,-73.06,	1.34,-4.76,-3.66	3.8269,	53.143051,-1.450709,	16:14:56:20
0.0189,-0.2559,0.9591,	-4.55,-27.00,-73.16,	1.46,-4.82,-3.78	3.8462,	-61881.220649,-14.000000,	16:14:56:20
0.0186,-0.2554,0.9580,	-4.55,-27.00,-73.16,	1.34,-4.82,-3.60	3.8558,	53.143051,-1.450710,	16:14:56:30
0.0198,-0.2549,0.9642,	-4.82,-27.00,-72.65,	1.40,-4.88,-3.66	3.8654,	53.143051,-1.450710,	16:14:56:30
0.0204,-0.2560,0.9648,	-4.82,-27.00,-72.65,	1.40,-4.88,-3.66	3.8750,	53.143051,-1.450710,	16:14:56:30
0.0195,-0.2552,0.9655,	-4.64,-27.00,-73.16,	1.40,-4.82,-3.66	3.8846,	53.143051,-1.450710,	16:14:56:40
0.0199,-0.2548,0.9706,	-4.64,-27.00,-73.16,	1.34,-4.76,-3.66	3.8942,	53.143051,-1.450710,	16:14:56:40
0.0201,-0.2543,0.9667,	-4.82,-27.18,-72.65,	1.40,-4.88,-3.72	3.9038,	53.143051,-1.450710,	16:14:56:50
0.0199,-0.2559,0.9698,	-4.64,-26.64,-72.86,	1.34,-4.88,-3.66	3.9135,	53.143051,-1.450710,	16:14:56:50
0.0194,-0.2560,0.9681,	-4.64,-26.64,-72.86,	1.46,-4.82,-3.72	3.9231,	53.143051,-1.450710,	16:14:56:50
0.0198,-0.2560,0.9679,	-4.55,-26.82,-72.96,	1.46,-4.76,-3.72	3.9327,	53.143051,-1.450710,	16:14:56:60
0.0198,-0.2545,0.9672,	-4.55,-26.82,-72.96,	1.40,-4.82,-3.60	3.9423,	53.143051,-1.450710,	16:14:56:60
0.0189,-0.2554,0.9672,	-4.64,-26.91,-73.27,	1.34,-4.76,-3.66	3.9519,	53.143051,-1.450710,	16:14:56:60
0.0190,-0.2549,0.9697,	-4.64,-26.91,-73.27,	1.46,-4.76,-3.66	3.9615,	53.143051,-1.450710,	16:14:56:70
0.0197,-0.2554,0.9681,	-4.91,-26.82,-73.06,	1.46,-4.88,-3.72	3.9712,	53.143051,-1.450710,	16:14:56:70
0.0195,-0.2544,0.9664,	-4.91,-26.82,-73.06,	1.34,-4.82,-3.60	3.9808,	53.143051,-1.450710,	16:14:56:70
0.0195,-0.2554,0.9689,	-4.64,-26.91,-73.16,	1.46,-4.82,-3.66	3.9904,	53.143051,-1.450710,	16:14:56:80
0.0199,-0.2554,0.9691,	-4.64,-26.91,-73.16,	1.46,-4.82,-3.66	4.0000,	53.143051,-1.450710,	16:14:56:80
0.0189,-0.2551,0.9681,	-4.64,-26.82,-72.96,	1.34,-4.76,-3.66	4.0096,	53.143051,-1.450710,	16:14:56:80
0.0197,-0.2545,0.9680,	-4.64,-26.82,-72.96,	1.40,-4.82,-3.66	4.0192,	53.143051,-1.450710,	16:14:56:90
0.0201,-0.2538,0.9667,	-4.55,-27.00,-73.27,	1.46,-4.88,-3.72	4.0385,	53.143051,-1.450710,	16:14:57:0
0.0197,-0.2555,0.9673,	-4.64,-27.18,-73.06,	1.40,-4.76,-3.60	4.0481,	53.143051,-1.450710,	16:14:57:0
0.0199,-0.2549,0.9675,	-4.64,-27.18,-73.06,	1.40,-4.88,-3.66	4.0577,	53.143051,-1.450710,	16:14:57:0
0.0198,-0.2555,0.9675,	-4.91,-27.00,-73.27,	1.40,-4.88,-3.60	4.0673,	53.143051,-1.450710,	16:14:57:10
0.0193,-0.2546,0.9679,	-4.91,-27.00,-73.27,	1.46,-4.88,-3.66	4.0769,	53.143051,-1.450710,	16:14:57:10
0.0193,-0.2550,0.9658,	-4.82,-26.91,-73.06,	1.40,-4.76,-3.66	4.0865,	53.143051,-1.450710,	16:14:57:10
0.0199,-0.2557,0.9652,	-4.82,-26.91,-73.06,	1.46,-4.82,-3.72	4.0962,	53.143051,-1.450710,	16:14:57:20
0.0187,-0.2557,0.9664,	-4.45,-26.91,-72.96,	1.46,-4.76,-3.66	4.1058,	53.143051,-1.450710,	16:14:57:20
0.0197,-0.2546,0.9664,	0.00,0.00,0.00,	1.40,-4.82,-3.72	4.1154,	53.143051,-1.450710,	16:14:57:20
0.0184,-0.2565,0.9674,	-4.55,-27.00,-73.27,	1.34,-4.76,-3.60	4.1250,	53.143051,-1.450710,	16:14:57:30
0.0199,-0.2548,0.9696,	-4.55,-26.91,-73.16,	1.46,-4.88,-3.66	4.1346,	53.143051,-1.450710,	16:14:57:30
0.0204,-0.2554,0.9688,	-4.55,-26.91,-73.16,	1.40,-4.76,-3.60	4.1442,	53.143051,-1.450710,	16:14:57:30
0.0195,-0.2548,0.9677,	-4.91,-27.09,-73.16,	1.40,-4.76,-3.60	4.1538,	53.143051,-1.450709,	16:14:57:40
0.0193,-0.2555,0.9680,	-4.91,-27.09,-73.16,	1.40,-4.82,-3.72	4.1635,	53.143051,-1.450709,	16:14:57:40
0.0194,-0.2539,0.9674,	-4.64,-27.09,-73.06,	1.40,-4.82,-3.66	4.1731,	53.143051,-1.450709,	16:14:57:40
0.0194,-0.2555,0.9662,	-4.64,-27.09,-73.06,	1.40,-4.82,-3.66	4.1827,	53.143051,-1.450710,	16:14:57:50
0.0198,-0.2542,0.9650,	-4.91,-27.00,-73.16,	1.40,-4.82,-3.66	4.1923,	53.143051,-1.450710,	16:14:57:50
0.0194,-0.2557,0.9657,	-4.91,-27.00,-73.16,	1.34,-4.76,-3.66	4.2019,	53.143051,-1.450709,	16:14:57:60
0.0190,-0.2539,0.9659,	-4.91,-27.00,-73.16,	1.40,-4.76,-3.66	4.2115,	53.143051,-1.450709,	16:14:57:60
0.0194,-0.2543,0.9695,	-4.73,-26.82,-73.06,	1.46,-4.88,-3.66	4.2308,	53.143051,-1.450709,	16:14:57:70
0.0189,-0.2550,0.9701,	-4.73,-26.82,-73.06,	1.40,-4.82,-3.66	4.2404,	53.143051,-1.450709,	16:14:57:70
0.0198,-0.2566,0.9675,	-4.64,-26.91,-73.16,	1.40,-4.76,-3.72	4.2500,	53.143051,-1.450709,	16:14:57:70
0.0181,-0.2576,0.9695,	-4.64,-26.91,-73.16,	1.46,-4.82,-3.60	4.2596,	53.143051,-1.450709,	16:14:57:80
0.0189,-0.2539,0.9612,	-4.55,-27.00,-73.27,	1.34,-4.76,-3.72	4.2692,	53.143051,-1.450709,	16:14:57:80
0.0192,-0.2566,0.9576,	-4.55,-27.00,-73.27,	1.28,-4.76,-3.66	4.2788,	53.143051,-1.450709,	16:14:57:80
0.0199,-0.2543,0.9613,	-4.64,-27.00,-73.27,	1.40,-4.82,-3.72	4.2885,	53.143051,-1.450710,	16:14:57:90
0.0199,-0.2549,0.9576,	-4.64,-27.00,-73.27,	1.46,-4.82,-3.66	4.2981,	53.143051,-1.450710,	16:14:57:90
0.0197,-0.2559,0.9613,	-4.73,-26.82,-73.06,	1.40,-4.82,-3.54	4.3077,	53.143051,-1.450710,	16:14:57:90
0.0201,-0.2545,0.9626,	-4.73,-27.00,-73.37,	1.46,-4.82,-3.66	4.3173,	53.143051,-1.450709,	16:14:58:0
0.0193,-0.2549,0.9589,	-4.73,-27.00,-73.37,	1.46,-4.82,-3.60	4.3269,	53.143051,-1.450709,	16:14:58:0
0.0193,-0.2555,0.9625,	-4.73,-27.00,-72.76,	1.34,-4.76,-3.66	4.3365,	53.143051,-1.450709,	16:14:58:10
0.0203,-0.2549,0.9618,	-4.73,-27.00,-72.76,	1.40,-4.76,-3.60	4.3462,	53.143051,-1.450709,	16:14:58:10
0.0198,-0.2557,0.9618,	-4.64,-26.91,-72.96,	1.34,-4.82,-3.60	4.3558,	53.143051,-1.450709,	16:14:58:10
0.0201,-0.2546,0.9622,	-4.64,-26.91,-72.96,	1.46,-4.82,-3.60	4.3654,	53.143051,-1.450709,	16:14:58:20
0.0194,-0.2549,0.9623,	-4.73,-26.82,-73.16,	1.40,-4.82,-3.72	4.3750,	53.143051,-1.450709,	16:14:58:20
0.0201,-0.2552,0.9629,	-4.73,-26.82,-73.16,	1.46,-4.88,-3.60	4.3846,	53.143051,-1.450709,	16:14:58:20
0.0199,-0.2551,0.9629,	-4.64,-27.00,-72.96,	1.40,-4.76,-3.66	4.3942,	53.143051,-1.450709,	16:14:58:30
0.0195,-0.2548,0.9634,	-4.64,-27.00,-72.96,	1.46,-4.82,-3.72	4.4038,	53.143051,-1.450709,	16:14:58:30
0.0197,-0.2546,0.9674,	-4.64,-27.00,-73.06,	1.40,-4.82,-3.66	4.4231,	53.143051,-1.450709,	16:14:58:60
0.0200,-0.2562,0.9655,	-4.73,-26.82,-72.96,	1.46,-4.82,-3.72	4.4327,	53.143051,-1.450709,	16:14:58:60
0.0199,-0.2539,0.9664,	-4.73,-26.82,-72.96,	1.53,-4.88,-3.66	4.4423,	53.143051,-1.450709,	16:14:58:60
0.0179,-0.2544,0.9663,	-4.55,-26.82,-73.16,	1.34,-4.82,-3.66	4.4519,	53.143051,-1.450710,	16:14:58:70
0.0192,-0.2552,0.9672,	-4.55,-26.82,-73.16,	1.46,-4.88,-3.66	4.4615,	53.143051,-1.450710,	16:14:58:70
0.0197,-0.2555,0.9655,	-4.91,-26.91,-72.96,	1.34,-4.82,-3.60	4.4712,	53.143051,-1.450709,	16:14:58:80
0.0203,-0.2554,0.9642,	-4.91,-26.91,-72.96,	1.53,-4.76,-3.66	4.4808,	53.143051,-1.450709,	16:14:58:80
0.0187,-0.2554,0.9662,	-4.91,-27.00,-73.06,	1.40,-4.76,-3.66	4.4904,	53.143051,-1.450709,	16:14:58:80
0.0205,-0.2551,0.9636,	-4.91,-27.00,-73.06,	1.40,-4.76,-3.66	4.5000,	53.143051,-1.450709,	16:14:58:90
0.0194,-0.2565,0.9620,	-4.91,-26.82,-73.06,	1.40,-4.76,-3.60	4.5096,	53.143051,-1.450709,	16:14:58:90
0.0197,-0.2556,0.9636,	-4.91,-26.82,-73.06,	1.40,-4.88,-3.66	4.5192,	53.143051,-1.450709,	16:14:58:90
0.0193,-0.2552,0.9611,	-4.73,-26.73,-73.06,	1.40,-4.88,-3.66	4.5288,	53.143051,-1.450709,	16:14:59:0
0.0200,-0.2537,0.9618,	0.00,0.00,0.00,	1.40,-4.76,-3.66	4.5385,	53.143051,-1.450709,	16:14:59:0
0.0190,-0.2552,0.9618,	-4.73,-26.55,-73.16,	1.34,-4.82,-3.60	4.5481,	53.143051,-1.450709,	16:14:59:0
0.0200,-0.2554,0.9628,	-4.64,-26.91,-72.96,	1.46,-4.88,-3.72	4.5577,	53.143051,-1.450709,	16:14:59:10
0.0192,-0.2562,0.9601,	-4.64,-26.91,-72.96,	1.40,-4.82,-3.66	4.5673,	53.143051,-1.450709,	16:14:59:10
0.0195,-0.2560,0.9602,	-4.64,-26.82,-73.16,	1.53,-4.82,-3.66	4.5769,	53.143051,-1.450709,	16:14:59:10
0.0194,-0.2557,0.9596,	-4.64,-26.82,-73.16,	1.34,-4.82,-3.66	4.5865,	53.143051,-1.450709,	16:14:59:20
0.0198,-0.2544,0.9594,	-4.73,-27.18,-72.96,	1.40,-4.88,-3.72	4.5962,	53.143051,-1.450709,	16:14:59:20
0.0193,-0.2546,0.9626,	-4.73,-26.82,-73.06,	1.46,-4.82,-3.66	4.6154,	53.143051,-1.450709,	16:14:59:30
0.0197,-0.2566,0.9626,	-4.73,-26.82,-73.06,	1.34,-4.88,-3.78	4.6250,	53.143051,-1.450709,	16:14:59:30
0.0203,-0.2549,0.9625,	-4.64,-27.09,-73.06,	1.40,-4.76,-3.72	4.6346,	53.143051,-1.450709,	16:14:59:40
0.0204,-0.2560,0.9625,	-4.64,-27.09,-73.06,	1.59,-4.82,-3.66	4.6442,	53.143051,-1.450709,	16:14:59:40
0.0182,-0.2548,0.9648,	-4.55,-26.91,-73.16,	1.40,-4.70,-3.54	4.6538,	53.143051,-1.450709,	16:14:59:40
0.0189,-0.2550,0.9655,	-4.55,-26.91,-73.16,	1.34,-4.82,-3.66	4.6635,	53.143051,-1.450709,	16:14:59:50
0.0184,-0.2555,0.9619,	-4.55,-27.00,-73.27,	1.46,-4.82,-3.60	4.6731,	53.143051,-1.450709,	16:14:59:50
0.0198,-0.2537,0.9640,	-4.55,-27.00,-73.27,	1.40,-4.70,-3.66	4.6827,	53.143051,-1.450709,	16:14:59:50
0.0179,-0.2552,0.9558,	-4.73,-27.00,-73.06,	1.40,-4.82,-3.66	4.6923,	53.143051,-1.450710,	16:14:59:60
0.0199,-0.2557,0.9568,	-4.73,-27.00,-73.06,	1.28,-4.82,-3.60	4.7019,	53.143051,-1.450710,	16:14:59:60
0.0194,-0.2549,0.9587,	-4.64,-27.18,-73.16,	1.40,-4.88,-3.72	4.7115,	53.143051,-1.450710,	16:14:59:60
0.0197,-0.2534,0.9596,	-4.64,-27.18,-73.16,	1.28,-4.76,-3.60	4.7212,	53.143051,-1.450709,	16:14:59:70
0.0197,-0.2559,0.9637,	-4.82,-26.64,-73.47,	1.46,-4.94,-3.60	4.7308,	53.143051,-1.450709,	16:14:59:70
0.0194,-0.2561,0.9652,	-4.82,-26.64,-73.47,	1.46,-4.88,-3.60	4.7404,	53.143051,-1.450709,	16:14:59:70
0.0198,-0.2559,0.9711,	-4.73,-26.82,-73.16,	1.46,-4.82,-3.66	4.7500,	53.143051,-1.450710,	16:14:59:80
0.0200,-0.2562,0.9656,	-4.64,-27.09,-73.16,	1.40,-4.82,-3.72	4.7596,	53.143051,-1.450710,	16:14:59:80
0.0199,-0.2567,0.9697,	-4.64,-27.09,-73.16,	1.34,-4.82,-3.72	4.7692,	53.143051,-1.450710,	16:14:59:90
0.0179,-0.2549,0.9768,	-4.73,-26.82,-73.16,	1.53,-4.82,-3.66	4.7788,	53.143051,-1.450710,	16:14:59:90
0.0198,-0.2555,0.9711,	-4.73,-26.82,-73.16,	1.53,-4.76,-3.66	4.7885,	53.143051,-1.450710,	16:14:59:90
0.0178,-0.2546,0.9714,	-4.45,-27.00,-73.37,	1.53,-4.82,-3.66	4.8077,	-6347.220649,15.000000,	16:15:0:0
0.0194,-0.2548,0.9711,	-5.00,-27.00,-72.96,	1.34,-4.82,-3.66	4.8173,	-6347.220649,15.000000,	16:15:0:0
0.0195,-0.2540,0.9684,	-5.00,-27.00,-72.96,	1.46,-4.76,-3.66	4.8269,	53.143051,-1.450710,	16:15:0:10
0.0197,-0.2551,0.9679,	-4.82,-26.91,-73.06,	1.46,-4.76,-3.66	4.8365,	53.143051,-1.450710,	16:15:0:10
0.0193,-0.2546,0.9664,	-4.82,-26.91,-73.06,	1.34,-4.82,-3.60	4.8462,	53.143051,-1.450710,	16:15:0:10
0.0200,-0.2555,0.9670,	-4.64,-27.09,-72.96,	1.40,-4.76,-3.66	4.8558,	53.143051,-1.450710,	16:15:0:20
0.0195,-0.2534,0.9672,	-4.64,-27.09,-72.96,	1.53,-4.88,-3.66	4.8654,	53.143051,-1.450710,	16:15:0:20
0.0199,-0.2551,0.9684,	-4.73,-26.73,-73.16,	1.46,-4.94,-3.66	4.8750,	53.143051,-1.450710,	16:15:0:20
0.0204,-0.2561,0.9659,	-4.73,-26.73,-73.16,	1.46,-4.82,-3.66	4.8846,	53.143051,-1.450710,	16:15:0:30
0.0176,-0.2549,0.9696,	-4.91,-27.00,-72.96,	1.40,-4.82,-3.66	4.8942,	53.143051,-1.450710,	16:15:0:30
0.0193,-0.2554,0.9658,	-4.91,-27.00,-72.96,	1.40,-4.82,-3.60	4.9038,	53.143051,-1.450710,	16:15:0:40
0.0192,-0.2550,0.9692,	-4.64,-27.09,-73.27,	1.46,-4.82,-3.72	4.9135,	53.143051,-1.450710,	16:15:0:40
0.0192,-0.2537,0.9685,	-4.64,-27.09,-73.27,	1.53,-4.88,-3.72	4.9231,	53.143051,-1.450710,	16:15:0:40
0.0206,-0.2548,0.9701,	-4.55,-26.64,-72.96,	1.40,-4.82,-3.66	4.9327,	53.143051,-1.450710,	16:15:0:50
0.0200,-0.2545,0.9679,	-4.55,-26.64,-72.96,	1.34,-4.76,-3.72	4.9423,	53.143051,-1.450710,	16:15:0:50
0.0200,-0.2552,0.9686,	-4.91,-27.00,-72.86,	1.34,-4.82,-3.60	4.9519,	53.143051,-1.450710,	16:15:0:50
0.0204,-0.2544,0.9696,	-4.64,-27.00,-73.06,	1.46,-4.82,-3.66	4.9615,	53.143051,-1.450710,	16:15:0:60
0.0194,-0.2551,0.9705,	-4.64,-27.00,-73.06,	1.46,-4.82,-3.66	4.9712,	53.143051,-1.450710,	16:15:0:60
0.0193,-0.2545,0.9686,	-4.55,-27.00,-73.06,	1.40,-4.82,-3.54	4.9808,	53.143051,-1.450710,	16:15:0:60
0.0197,-0.2545,0.9709,	-4.73,-27.09,-73.06,	1.46,-4.82,-3.60	5.0000,	-44735.220649,-15.000000,	16:15:0:70
0.0189,-0.2550,0.9723,	-4.73,-27.09,-73.06,	1.34,-4.82,-3.66	5.0096,	-44735.220649,-15.000000,	16:15:0:70
0.0184,-0.2550,0.9738,	-4.73,-26.91,-73.16,	1.40,-4.82,-3.66	5.0192,	53.143051,-1.450711,	16:15:0:80
0.0193,-0.2537,0.9740,	-4.73,-26.91,-73.16,	1.40,-4.82,-3.66	5.0288,	53.143051,-1.450711,	16:15:0:80
0.0199,-0.2551,0.9673,	-4.64,-26.91,-73.16,	1.46,-4.82,-3.72	5.0385,	53.143051,-1.450710,	16:15:0:90
0.0197,-0.2546,0.9688,	-4.64,-26.91,-73.16,	1.46,-4.82,-3.66	5.0481,	53.143051,-1.450710,	16:15:0:90
0.0194,-0.2552,0.9666,	-4.91,-26.91,-72.96,	1.34,-4.76,-3.60	5.0577,	53.143051,-1.450710,	16:15:0:90
0.0201,-0.2550,0.9683,	-4.91,-26.91,-72.96,	1.40,-4.82,-3.60	5.0673,	53.143051,-1.450710,	16:15:1:0
0.0194,-0.2539,0.9674,	-4.73,-27.00,-73.16,	1.40,-4.88,-3.66	5.0769,	53.143051,-1.450710,	16:15:1:0
0.0201,-0.2552,0.9698,	-4.73,-27.00,-73.16,	1.34,-4.76,-3.66	5.0865,	53.143051,-1.450710,	16:15:1:0
0.0209,-0.2560,0.9680,	-4.91,-27.00,-72.96,	1.34,-4.88,-3.66	5.0962,	53.143051,-1.450711,	16:15:1:10
0.0195,-0.2548,0.9686,	-4.91,-27.00,-72.96,	1.40,-4.82,-3.66	5.1058,	53.143051,-1.450711,	16:15:1:10
0.0204,-0.2545,0.9694,	-4.73,-26.82,-72.96,	1.46,-4.94,-3.66	5.1154,	53.143051,-1.450711,	16:15:1:10
0.0199,-0.2552,0.9717,	-4.73,-26.82,-72.96,	1.40,-4.88,-3.72	5.1250,	53.143051,-1.450711,	16:15:1:20
0.0194,-0.2543,0.9698,	-4.55,-26.91,-73.06,	1.34,-4.82,-3.72	5.1346,	53.143051,-1.450711,	16:15:1:20
0.0204,-0.2557,0.9724,	-4.55,-26.91,-73.06,	1.46,-4.76,-3.66	5.1442,	53.143051,-1.450711,	16:15:1:20
0.0200,-0.2550,0.9702,	-4.73,-26.82,-73.06,	1.40,-4.88,-3.66	5.1538,	53.143051,-1.450710,	16:15:1:30
0.0192,-0.2563,0.9735,	-4.55,-26.73,-72.96,	1.40,-4.82,-3.60	5.1635,	53.143051,-1.450710,	16:15:1:30
0.0197,-0.2555,0.9729,	-4.55,-26.73,-72.96,	1.46,-4.88,-3.66	5.1731,	53.143051,-1.450710,	16:15:1:30
0.0199,-0.2537,0.9709,	-4.64,-27.36,-72.96,	1.40,-4.82,-3.60	5.1923,	-17587.220649,-15.000000,	16:15:1:40
0.0204,-0.2535,0.9697,	-4.64,-26.91,-73.06,	1.46,-4.82,-3.72	5.2019,	53.143051,-1.450710,	16:15:1:50
0.0203,-0.2531,0.9672,	-4.64,-26.91,-73.06,	1.46,-4.82,-3.60	5.2115,	53.143051,-1.450710,	16:15:1:50
0.0190,-0.2543,0.9707,	-4.73,-27.00,-72.65,	1.46,-4.76,-3.60	5.2212,	53.143051,-1.450710,	16:15:1:50
0.0200,-0.2561,0.9706,	-4.73,-27.00,-72.65,	1.40,-4.82,-3.66	5.2308,	53.143051,-1.450710,	16:15:1:60
0.0186,-0.2545,0.9709,	-4.91,-26.73,-72.96,	1.28,-4.82,-3.66	5.2404,	53.143051,-1.450710,	16:15:1:60
0.0187,-0.2551,0.9653,	-4.91,-26.73,-72.96,	1.46,-4.82,-3.60	5.2500,	53.143051,-1.450710,	16:15:1:60
0.0194,-0.2561,0.9564,	-4.64,-26.64,-72.86,	1.46,-4.88,-3.60	5.2596,	53.143051,-1.450710,	16:15:1:70
0.0187,-0.2551,0.9604,	-4.64,-26.64,-72.86,	1.34,-4.76,-3.54	5.2692,	53.143051,-1.450710,	16:15:1:70
0.0186,-0.2546,0.9601,	-4.82,-27.27,-73.16,	1.40,-4.82,-3.60	5.2788,	53.143051,-1.450710,	16:15:1:70
0.0187,-0.2559,0.9686,	-4.82,-27.27,-73.16,	1.40,-4.88,-3.66	5.2885,	53.143051,-1.450710,	16:15:1:80
0.0187,-0.2533,0.9661,	-4.82,-27.18,-72.96,	1.53,-4.76,-3.66	5.2981,	53.143051,-1.450710,	16:15:1:80
0.0187,-0.2538,0.9597,	-4.82,-27.18,-72.96,	1.46,-4.82,-3.72	5.3077,	53.143051,-1.450710,	16:15:1:80
0.0203,-0.2551,0.9589,	-4.55,-27.00,-73.27,	1.46,-4.88,-3.66	5.3173,	53.143051,-1.450709,	16:15:1:90
0.0193,-0.2550,0.9596,	-4.55,-27.00,-73.27,	1.53,-4.88,-3.66	5.3269,	53.143051,-1.450709,	16:15:1:90
0.0193,-0.2540,0.9609,	-4.82,-26.91,-72.96,	1.46,-4.82,-3.60	5.3365,	53.143051,-1.450709,	16:15:1:90
0.0204,-0.2555,0.9639,	-4.82,-26.91,-72.96,	1.46,-4.88,-3.66	5.3462,	53.143051,-1.450710,	16:15:2:0
0.0203,-0.2556,0.9633,	-4.64,-27.00,-73.16,	1.34,-4.76,-3.60	5.3558,	53.143051,-1.450710,	16:15:2:0
0.0195,-0.2554,0.9644,	-4.45,-27.09,-73.27,	1.40,-4.70,-3.66	5.3654,	53.143051,-1.450710,	16:15:2:10
0.0203,-0.2567,0.9633,	-4.64,-27.09,-72.96,	1.40,-4.76,-3.66	5.3846,	-44735.220649,-15.000000,	16:15:2:10
0.0181,-0.2549,0.9641,	-4.64,-27.09,-72.96,	1.40,-4.82,-3.66	5.3942,	53.143051,-1.450711,	16:15:2:20
0.0201,-0.2556,0.9655,	-4.91,-26.73,-73.16,	1.40,-4.76,-3.66	5.4038,	53.143051,-1.450711,	16:15:2:20
0.0187,-0.2544,0.9657,	-4.91,-26.73,-73.16,	1.46,-4.88,-3.66	5.4135,	53.143051,-1.450711,	16:15:2:20
0.0190,-0.2554,0.9629,	-4.82,-26.82,-73.06,	1.34,-4.88,-3.66	5.4231,	53.143051,-1.450711,	16:15:2:30
0.0197,-0.2556,0.9642,	-4.82,-26.82,-73.06,	1.34,-4.70,-3.66	5.4327,	53.143051,-1.450711,	16:15:2:30
0.0206,-0.2562,0.9644,	-4.73,-27.18,-73.27,	1.46,-4.82,-3.66	5.4423,	53.143051,-1.450711,	16:15:2:30
0.0199,-0.2556,0.9646,	-4.73,-27.18,-73.27,	1.34,-4.82,-3.66	5.4519,	53.143051,-1.450711,	16:15:2:40
0.0190,-0.2546,0.9636,	-4.82,-26.82,-73.16,	1.40,-4.82,-3.66	5.4615,	53.143051,-1.450711,	16:15:2:40
0.0187,-0.2550,0.9674,	-4.82,-26.82,-73.16,	1.40,-4.88,-3.60	5.4712,	53.143051,-1.450711,	16:15:2:50
0.0197,-0.2552,0.9647,	-4.82,-27.18,-72.86,	1.40,-4.88,-3.66	5.4808,	53.143051,-1.450711,	16:15:2:50
0.0198,-0.2554,0.9666,	-4.82,-27.18,-72.86,	1.40,-4.94,-3.72	5.4904,	53.143051,-1.450711,	16:15:2:50
0.0189,-0.2551,0.9680,	-4.73,-27.09,-72.86,	1.46,-4.94,-3.66	5.5000,	53.143051,-1.450711,	16:15:2:60
0.0199,-0.2542,0.9670,	-4.73,-27.09,-72.86,	1.40,-4.88,-3.66	5.5096,	53.143051,-1.450711,	16:15:2:60
0.0210,-0.2546,0.9675,	-4.82,-26.91,-72.86,	1.34,-4.88,-3.66	5.5192,	53.143051,-1.450711,	16:15:2:60
0.0210,-0.2557,0.9652,	-4.82,-26.91,-72.86,	1.40,-4.82,-3.66	5.5288,	53.143051,-1.450711,	16:15:2:70
0.0194,-0.2548,0.9662,	-4.82,-27.00,-73.16,	1.34,-4.88,-3.66	5.5385,	53.143051,-1.450711,	16:15:2:70
0.0197,-0.2565,0.9673,	-4.82,-27.00,-73.16,	1.40,-4.88,-3.66	5.5481,	53.143051,-1.450711,	16:15:2:70
0.0203,-0.2556,0.9685,	-4.73,-27.00,-72.86,	1.40,-4.76,-3.60	5.5577,	53.143051,-1.450711,	16:15:2:80
0.0197,-0.2548,0.9700,	-4.73,-26.82,-72.96,	1.40,-4.76,-3.60	5.5769,	-48831.220650,-15.000000,	16:15:2:80
0.0192,-0.2552,0.9666,	-4.55,-27.00,-72.86,	1.34,-4.88,-3.66	5.5865,	53.143051,-1.450712,	16:15:2:90
0.0198,-0.2562,0.9695,	-4.55,-27.00,-72.86,	1.34,-4.82,-3.66	5.5962,	53.143051,-1.450712,	16:15:2:90
0.0204,-0.2565,0.9688,	-4.73,-26.82,-72.76,	1.40,-4.82,-3.60	5.6058,	53.143051,-1.450711,	16:15:3:0
0.0187,-0.2542,0.9702,	-4.73,-26.82,-72.76,	1.46,-4.88,-3.66	5.6154,	53.143051,-1.450711,	16:15:3:0
0.0193,-0.2540,0.9691,	-4.64,-27.00,-73.16,	1.53,-4.88,-3.66	5.6250,	53.143051,-1.450711,	16:15:3:0
0.0187,-0.2548,0.9709,	-4.64,-27.00,-73.16,	1.40,-4.82,-3.66	5.6346,	53.143051,-1.450711,	16:15:3:10
0.0193,-0.2546,0.9689,	-4.73,-26.91,-73.16,	1.46,-4.82,-3.66	5.6442,	53.143051,-1.450711,	16:15:3:10
0.0198,-0.2557,0.9692,	-4.73,-26.91,-73.16,	1.40,-4.82,-3.72	5.6538,	53.143051,-1.450711,	16:15:3:10
0.0205,-0.2546,0.9669,	-4.55,-27.00,-73.27,	1.40,-4.88,-3.66	5.6635,	53.143051,-1.450711,	16:15:3:20
0.0204,-0.2551,0.9691,	-4.55,-27.00,-73.27,	1.46,-4.82,-3.66	5.6731,	53.143051,-1.450711,	16:15:3:20
0.0188,-0.2554,0.9725,	-4.73,-26.82,-73.16,	1.40,-4.88,-3.66	5.6827,	53.143051,-1.450711,	