0.01,-0.06,1.00,		2.14,-2.93,-3.60,		0.000000,0.000000,			17:25:47:30
0.01,-0.05,1.00,		2.01,-2.81,-3.66,		0.000000,0.000000,			17:25:47:30
0.01,-0.05,1.00,		2.08,-2.87,-3.66,		0.000000,0.000000,			17:25:47:30
0.01,-0.05,1.00,		2.08,-2.87,-3.66,		0.000000,0.000000,			17:25:47:40
0.01,-0.05,1.00,		2.08,-2.87,-3.60,		0.000000,0.000000,			17:25:47:40
0.01,-0.06,1.00,		2.14,-2.87,-3.66,		0.000000,0.000000,			17:25:47:40
0.01,-0.06,1.00,		2.01,-2.81,-3.60,		0.000000,0.000000,			17:25:47:50
0.01,-0.06,1.00,		2.14,-2.87,-3.60,		0.000000,0.000000,			17:25:47:50
0.01,-0.06,1.00,		2.08,-2.93,-3.66,		0.000000,0.000000,			17:25:47:50
0.01,-0.05,1.00,		2.08,-2.87,-3.60,		0.000000,0.000000,			17:25:47:60
0.01,-0.05,1.00,		2.08,-2.87,-3.66,		0.000000,0.000000,			17:25:47:60
0.01,-0.05,1.03,		2.08,-2.81,-3.66,		0.000000,0.000000,			17:25:47:60
0.01,-0.05,1.00,		2.14,-2.81,-3.66,		0.000000,0.000000,			17:25:47:70
0.01,-0.05,1.00,		2.14,-2.93,-3.66,		0.000000,0.000000,			17:25:47:70
0.01,-0.06,1.00,		2.08,-2.93,-3.66,		0.000000,0.000000,			17:25:47:70
0.01,-0.05,1.00,		2.14,-2.87,-3.60,		0.000000,0.000000,			17:25:47:80
0.01,-0.05,1.00,		2.08,-2.87,-3.66,		0.000000,0.000000,			17:25:47:80
0.01,-0.05,1.00,		2.08,-2.87,-3.60,		0.000000,0.000000,			17:25:47:80
0.01,-0.05,1.00,		2.08,-2.87,-3.60,		0.000000,0.000000,			17:25:47:90
0.01,-0.05,1.00,		2.01,-2.87,-3.66,		0.000000,0.000000,			17:25:47:90
0.01,-0.05,1.00,		2.08,-2.81,-3.66,		0.000000,0.000000,			17:25:47:90
0.01,-0.05,1.00,		2.08,-2.87,-3.60,		0.000000,0.000000,			17:25:48:0
0.01,-0.05,1.00,		2.01,-2.87,-3.60,		0.000000,0.000000,			17:25:48:0
0.01,-0.05,1.00,		2.08,-2.75,-3.66,		0.000000,0.000000,			17:25:48:10
0.01,-0.05,1.00,		2.08,-2.87,-3.66,		0.000000,0.000000,			17:25:48:10
0.01,-0.05,1.00,		2.08,-2.81,-3.66,		0.000000,0.000000,			17:25:48:10
0.01,-0.06,1.00,		2.08,-2.81,-3.60,		0.000000,0.000000,			17:25:48:10
0.01,-0.05,1.00,		2.14,-2.87,-3.66,		0.000000,0.000000,			17:25:48:20
0.01,-0.05,1.00,		2.08,-2.81,-3.60,		0.000000,0.000000,			17:25:48:20
0.01,-0.06,1.00,		2.08,-2.93,-3.66,		0.000000,0.000000,			17:25:48:20
0.01,-0.05,1.00,		2.08,-2.87,-3.66,		0.000000,0.000000,			17:25:48:20
0.01,-0.05,1.00,		2.08,-2.75,-3.66,		0.000000,0.000000,			17:25:48:30
0.01,-0.05,1.00,		2.08,-2.87,-3.54,		0.000000,0.000000,			17:25:48:30
0.01,-0.05,1.00,		2.14,-2.87,-3.66,		0.000000,0.000000,			17:25:48:30
0.01,-0.05,1.00,		2.01,-2.81,-3.66,		0.000000,0.000000,			17:25:48:40
0.01,-0.05,1.00,		2.08,-2.87,-3.60,		0.000000,0.000000,			17:25:48:40
0.01,-0.05,1.00,		2.08,-2.87,-3.72,		0.000000,0.000000,			17:25:48:40
0.01,-0.05,1.00,		2.08,-2.87,-3.60,		0.000000,0.000000,			17:25:48:40
0.01,-0.05,1.00,		2.08,-2.87,-3.66,		0.000000,0.000000,			17:25:48:60
0.01,-0.05,1.00,		2.08,-2.87,-3.60,		0.000000,0.000000,			17:25:48:60
0.01,-0.05,1.00,		2.14,-2.87,-3.60,		0.000000,0.000000,			17:25:48:60
0.01,-0.05,1.00,		2.14,-2.87,-3.60,		0.000000,0.000000,			17:25:48:70
0.01,-0.05,1.00,		2.08,-2.87,-3.66,		0.000000,0.000000,			17:25:48:70
0.01,-0.06,0.97,		2.08,-2.87,-3.60,		0.000000,0.000000,			17:25:48:70
0.01,-0.05,1.00,		2.08,-2.87,-3.60,		0.000000,0.000000,			17:25:48:80
0.01,-0.05,1.00,		2.08,-2.81,-3.54,		0.000000,0.000000,			17:25:48:80
0.01,-0.06,1.00,		2.08,-2.93,-3.72,		0.000000,0.000000,			17:25:48:80
0.01,-0.05,1.00,		2.08,-2.87,-3.66,		0.000000,0.000000,			17:25:48:80
0.01,-0.05,1.00,		2.08,-2.81,-3.66,		0.000000,0.000000,			17:25:48:80
0.01,-0.05,1.00,		2.08,-2.93,-3.60,		0.000000,0.000000,			17:25:48:90
0.01,-0.05,1.00,		2.01,-2.87,-3.72,		0.000000,0.000000,			17:25:48:90
0.01,-0.05,1.00,		2.01,-2.87,-3.66,		0.000000,0.000000,			17:25:48:90
0.01,-0.05,1.00,		2.08,-2.87,-3.66,		0.000000,0.000000,			17:25:48:90
0.01,-0.05,1.00,		2.08,-2.87,-3.66,		0.000000,0.000000,			17:25:48:90
0.01,-0.05,1.00,		2.14,-2.93,-3.60,		0.000000,0.000000,			17:25:48:90
0.01,-0.05,1.00,		2.14,-2.87,-3.66,		0.000000,0.000000,			17:25:49:10
0.01,-0.05,1.00,		2.08,-2.81,-3.54,		0.000000,0.000000,			17:25:49:10
0.01,-0.05,1.00,		2.08,-2.81,-3.72,		0.000000,0.000000,			17:25:49:10
0.01,-0.05,1.00,		2.08,-2.87,-3.72,		0.000000,0.000000,			17:25:49:10
0.01,-0.05,1.00,		2.08,-2.87,-3.66,		0.000000,0.000000,			17:25:49:10
0.01,-0.05,1.00,		2.01,-2.81,-3.66,		0.000000,0.000000,			17:25:56:0
0.01,-0.06,1.00,		2.08,-2.99,-3.60,		0.000000,0.000000,			17:25:56:20
0.01,-0.05,1.00,		2.14,-2.87,-3.66,		0.000000,0.000000,			17:25:56:20
0.01,-0.05,1.00,		2.08,-2.81,-3.66,		0.000000,0.000000,			17:25:56:20
0.01,-0.05,1.00,		2.14,-2.75,-3.66,		0.000000,0.000000,			17:25:56:20
0.01,-0.05,1.00,		2.01,-2.87,-3.60,		0.000000,0.000000,			17:25:56:20
0.01,-0.05,1.00,		2.08,-2.87,-3.66,		0.000000,0.000000,			17:25:56:30
0.01,-0.05,1.00,		2.08,-2.87,-3.60,		0.000000,0.000000,			17:25:56:30
0.01,-0.05,1.00,		2.08,-2.87,-3.54,		0.000000,0.000000,			17:25:56:30
0.01,-0.05,1.00,		2.14,-2.93,-3.60,		0.000000,0.000000,			17:25:56:30
0.01,-0.06,1.00,		2.08,-2.81,-3.60,		0.000000,0.000000,			17:25:56:50
0.01,-0.05,1.00,		2.01,-2.87,-3.66,		0.000000,0.000000,			17:25:56:50
0.01,-0.05,1.00,		2.08,-2.87,-3.66,		0.000000,0.000000,			17:25:56:60
0.01,-0.05,1.00,		2.08,-2.87,-3.66,		0.000000,0.000000,			17:25:56:60
0.01,-0.05,1.00,		2.01,-2.87,-3.66,		0.000000,0.000000,			17:25:56:60
0.01,-0.05,1.00,		2.08,-2.87,-3.66,		0.000000,0.000000,			17:25:56:70
0.01,-0.06,1.00,		2.08,-2.87,-3.66,		0.000000,0.000000,			17:25:56:70
0.01,-0.06,1.00,		2.01,-2.81,-3.66,		0.000000,0.000000,			17:25:56:70
0.01,-0.05,1.00,		2.01,-2.81,-3.60,		0.000000,0.000000,			17:25:56:80
0.01,-0.05,1.00,		2.01,-2.81,-3.66,		0.000000,0.000000,			17:25:56:80
0.01,-0.05,1.00,		2.08,-2.81,-3.60,		0.000000,0.000000,			17:25:56:80
0.01,-0.05,1.00,		2.14,-2.87,-3.72,		0.000000,0.000000,			17:25:56:90
0.01,-0.05,1.00,		2.01,-2.93,-3.60,		0.000000,0.000000,			17:25:56:90
0.01,-0.05,1.00,		2.14,-2.87,-3.66,		0.000000,0.000000,			17:25:56:90
0.01,-0.04,1.00,		2.01,-2.81,-3.66,		0.000000,0.000000,			17:25:57:0
0.01,-0.06,1.00,		2.01,-2.81,-3.66,		0.000000,0.000000,			17:25:57:0
0.01,-0.05,1.00,		2.08,-2.81,-3.60,		0.000000,0.000000,			17:25:57:0
0.01,-0.05,1.00,		2.08,-2.81,-3.66,		0.000000,0.000000,			17:25:57:10
0.01,-0.05,1.00,		2.08,-2.81,-3.66,		0.000000,0.000000,			17:25:57:10
0.01,-0.05,1.00,		2.08,-2.81,-3.66,		0.000000,0.000000,			17:25:57:10
0.01,-0.05,1.00,		2.08,-2.81,-3.66,		0.000000,0.000000,			17:25:57:20
0.01,-0.05,1.00,		2.14,-2.81,-3.72,		0.000000,0.000000,			17:25:57:20
0.01,-0.05,1.00,		2.08,-2.87,-3.66,		0.000000,0.000000,			17:25:57:20
0.01,-0.05,1.00,		2.08,-2.87,-3.66,		0.000000,0.000000,			17:25:57:30
0.01,-0.06,1.00,		2.14,-2.87,-3.66,		0.000000,0.000000,			17:25:57:30
0.01,-0.05,1.00,		2.01,-2.87,-3.66,		0.000000,0.000000,			17:25:57:30
0.01,-0.05,1.00,		2.08,-2.87,-3.66,		0.000000,0.000000,			17:25:57:40
0.01,-0.05,1.00,		2.14,-2.87,-3.60,		0.000000,0.000000,			17:25:57:40
0.01,-0.05,1.00,		2.08,-2.87,-3.72,		0.000000,0.000000,			17:25:57:40
0.01,-0.05,1.00,		2.08,-2.87,-3.60,		0.000000,0.000000,			17:25:57:50
0.01,-0.05,1.00,		2.08,-2.93,-3.66,		0.000000,0.000000,			17:25:57:60
0.01,-0.05,1.00,		2.08,-2.87,-3.72,		0.000000,0.000000,			17:25:57:60
0.01,-0.05,1.00,		2.14,-2.81,-3.60,		0.000000,0.000000,			17:25:57:60
0.01,-0.05,1.00,		2.08,-2.87,-3.72,		0.000000,0.000000,			17:25:57:70
0.01,-0.05,1.00,		2.08,-2.93,-3.66,		0.000000,0.000000,			17:25:57:70
0.01,-0.06,1.00,		2.08,-2.87,-3.66,		0.000000,0.000000,			17:25:57:80
0.01,-0.06,1.00,		2.08,-2.81,-3.60,		0.000000,0.000000,			17:25:57:80
0.01,-0.06,1.00,		2.08,-2.93,-3.66,		0.000000,0.000000,			17:25:57:80
0.01,-0.05,1.00,		2.14,-2.81,-3.66,		0.000000,0.000000,			17:25:57:90
0.01,-0.05,1.00,		2.08,-2.87,-3.66,		0.000000,0.000000,			17:25:57:90
0.01,-0.05,1.00,		2.08,-2.87,-3.60,		0.000000,0.000000,			17:25:57:90
0.01,-0.05,1.00,		2.08,-2.87,-3.66,		0.000000,0.000000,			17:25:58:0
0.01,-0.05,1.00,		2.08,-2.93,-3.60,		0.000000,0.000000,			17:25:58:0
0.01,-0.05,1.00,		2.08,-2.81,-3.66,		0.000000,0.000000,			17:25:58:0
0.01,-0.06,1.00,		2.14,-2.93,-3.66,		0.000000,0.000000,			17:25:58:10
0.01,-0.06,1.00,		2.14,-2.87,-3.66,		0.000000,0.000000,			17:25:58:10
0.01,-0.05,1.00,		2.08,-2.87,-3.60,		0.000000,0.000000,			17:25:58:10
0.01,-0.05,1.00,		2.08,-2.87,-3.72,		0.000000,0.000000,			17:25:58:20
0.01,-0.05,1.00,		2.08,-2.87,-3.72,		0.000000,0.000000,			17:25:58:20
0.01,-0.05,1.00,		2.08,-2.81,-3.66,		0.000000,0.000000,			17:25:58:20
0.01,-0.05,1.00,		2.08,-2.87,-3.66,		0.000000,0.000000,			17:25:58:30
0.01,-0.05,1.00,		2.08,-2.93,-3.72,		0.000000,0.000000,			17:25:58:30
0.01,-0.05,1.00,		2.14,-2.87,-3.66,		0.000000,0.000000,			17:25:58:30
0.01,-0.05,1.00,		2.08,-2.87,-3.66,		0.000000,0.000000,			17:25:58:40
0.01,-0.05,1.00,		2.08,-2.87,-3.72,		0.000000,0.000000,			17:25:58:40
0.01,-0.05,1.00,		2.14,-2.87,-3.72,		0.000000,0.000000,			17:25:58:40
0.01,-0.05,1.00,		2.14,-2.93,-3.60,		0.000000,0.000000,			17:25:58:50
0.01,-0.05,1.00,		2.08,-2.87,-3.72,		0.000000,0.000000,			17:25:58:50
0.01,-0.05,1.00,		2.08,-2.87,-3.66,		0.000000,0.000000,			17:25:58:50
0.01,-0.06,1.00,		2.08,-2.93,-3.66,		0.000000,0.000000,			17:25:58:60
0.01,-0.05,1.00,		2.08,-2.87,-3.72,		0.000000,0.000000,			17:25:58:60
0.01,-0.05,1.00,		2.14,-2.93,-3.72,		0.000000,0.000000,			17:25:58:60
0.01,-0.05,1.00,		2.14,-2.81,-3.60,		0.000000,0.000000,			17:25:58:70
0.01,-0.05,1.00,		2.01,-2.87,-3.66,		0.000000,0.000000,			17:25:58:70
0.01,-0.05,1.00,		2.08,-2.87,-3.66,		0.000000,0.000000,			17:25:58:70
0.01,-0.05,1.00,		2.20,-2.81,-3.66,		0.000000,0.000000,			17:25:58:80
0.01,-0.06,1.00,		2.08,-2.87,-3.66,		0.000000,0.000000,			17:25:58:80
0.01,-0.05,1.00,		2.14,-2.93,-3.54,		0.000000,0.000000,			17:25:58:80
0.01,-0.05,1.00,		2.08,-2.81,-3.66,		0.000000,0.000000,			17:25:58:90
0.01,-0.05,1.00,		2.08,-2.81,-3.66,		0.000000,0.000000,			17:25:58:90
0.01,-0.05,1.00,		2.08,-2.81,-3.60,		0.000000,0.000000,			17:25:58:90
0.01,-0.05,1.00,		2.01,-2.93,-3.60,		0.000000,0.000000,			17:25:59:0
0.01,-0.05,1.00,		2.08,-2.81,-3.72,		0.000000,0.000000,			17:25:59:0
0.01,-0.05,1.00,		2.08,-2.81,-3.66,		0.000000,0.000000,			17:25:59:0
0.01,-0.05,1.00,		2.08,-2.75,-3.66,		0.000000,0.000000,			17:25:59:10
0.01,-0.05,1.00,		2.14,-2.81,-3.66,		0.000000,0.000000,			17:25:59:10
0.01,-0.05,1.00,		2.01,-2.87,-3.66,		0.000000,0.000000,			17:25:59:10
0.01,-0.05,1.00,		2.08,-2.93,-3.66,		0.000000,0.000000,			17:25:59:20
0.01,-0.05,1.00,		2.08,-2.87,-3.60,		0.000000,0.000000,			17:25:59:20
0.01,-0.05,1.00,		2.08,-2.93,-3.66,		0.000000,0.000000,			17:25:59:20
0.01,-0.05,1.00,		2.08,-2.87,-3.66,		0.000000,0.000000,			17:25:59:30
0.01,-0.05,1.00,		2.08,-2.87,-3.60,		0.000000,0.000000,			17:25:59:30
0.01,-0.05,1.00,		2.08,-2.81,-3.60,		0.000000,0.000000,			17:25:59:30
0.01,-0.05,1.00,		2.08,-2.81,-3.66,		0.000000,0.000000,			17:25:59:40
0.01,-0.05,1.00,		2.01,-2.93,-3.72,		0.000000,0.000000,			17:25:59:40
0.01,-0.05,1.00,		2.08,-2.93,-3.60,		0.000000,0.000000,			17:25:59:40
0.01,-0.05,1.00,		2.08,-2.87,-3.66,		0.000000,0.000000,			17:25:59:50
0.01,-0.05,1.00,		2.01,-2.87,-3.60,		0.000000,0.000000,			17:25:59:50
0.01,-0.05,1.00,		2.08,-2.87,-3.66,		0.000000,0.000000,			17:25:59:50
0.01,-0.05,1.00,		2.08,-2.87,-3.66,		0.000000,0.000000,			17:25:59:60
0.01,-0.05,1.00,		2.14,-2.87,-3.60,		0.000000,0.000000,			17:25:59:60
0.01,-0.05,1.00,		2.01,-2.87,-3.66,		0.000000,0.000000,			17:25:59:70
0.01,-0.05,1.00,		2.14,-2.87,-3.72,		0.000000,0.000000,			17:25:59:70
0.01,-0.05,1.00,		2.08,-2.87,-3.60,		0.000000,0.000000,			17:25:59:70
0.01,-0.05,1.00,		2.01,-2.93,-3.66,		0.000000,0.000000,			17:25:59:80
0.01,-0.05,1.00,		2.08,-2.81,-3.60,		0.000000,0.000000,			17:25:59:80
0.01,-0.05,1.00,		2.08,-2.75,-3.66,		0.000000,0.000000,			17:25:59:80
0.01,-0.05,1.00,		2.08,-2.93,-3.66,		0.000000,0.000000,			17:25:59:90
0.01,-0.05,1.00,		2.08,-2.87,-3.66,		0.000000,0.000000,			17:25:59:90
0.01,-0.05,1.00,		2.08,-2.87,-3.66,		0.000000,0.000000,			17:25:59:90
0.01,-0.05,1.00,		2.08,-2.87,-3.66,		0.000000,0.000000,			17:26:0:0
0.01,-0.05,1.00,		2.08,-2.87,-3.60,		0.000000,0.000000,			17:26:0:0
0.01,-0.05,1.00,		2.08,-2.81,-3.60,		0.000000,0.000000,			17:26:0:0
0.01,-0.05,1.00,		2.08,-2.81,-3.60,		0.000000,0.000000,			17:26:0:10
0.01,-0.06,1.00,		2.08,-2.87,-3.60,		0.000000,0.000000,			17:26:0:10
0.01,-0.06,1.00,		2.08,-2.93,-3.66,		0.000000,0.000000,			17:26:0:10
0.01,-0.05,1.00,		2.01,-2.81,-3.66,		0.000000,0.000000,			17:26:0:20
0.01,-0.05,1.00,		2.20,-2.93,-3.54,		0.000000,0.000000,			17:26:0:20
0.01,-0.05,1.00,		2.08,-2.87,-3.66,		0.000000,0.000000,			17:26:0:20
0.01,-0.05,1.00,		2.08,-2.87,-3.66,		0.000000,0.000000,			17:26:0:30
0.01,-0.05,1.00,		2.08,-2.81,-3.60,		0.000000,0.000000,			17:26:0:30
0.01,-0.05,1.00,		2.08,-2.93,-3.72,		0.000000,0.000000,			17:26:0:30
0.01,-0.05,1.00,		2.08,-2.81,-3.60,		0.000000,0.000000,			17:26:0:40
0.01,-0.05,1.00,		2.01,-2.81,-3.66,		0.000000,0.000000,			17:26:0:40
0.01,-0.05,1.00,		2.14,-2.93,-3.60,		0.000000,0.000000,			17:26:0:40
0.01,-0.05,1.00,		2.01,-2.75,-3.66,		0.000000,0.000000,			17:26:0:50
0.01,-0.05,1.00,		2.14,-2.93,-3.66,		0.000000,0.000000,			17:26:0:50
0.01,-0.05,1.00,		2.08,-2.87,-3.66,		0.000000,0.000000,			17:26:0:50
0.01,-0.05,1.00,		2.14,-2.87,-3.66,		0.000000,0.000000,			17:26:0:60
0.01,-0.06,1.00,		2.01,-2.81,-3.60,		0.000000,0.000000,			17:26:0:60
0.01,-0.05,1.00,		2.08,-2.87,-3.60,		0.000000,0.000000,			17:26:0:60
0.01,-0.06,1.00,		2.01,-2.81,-3.60,		0.000000,0.000000,			17:26:0:70
0.01,-0.06,1.00,		2.01,-2.81,-3.60,		0.000000,0.000000,			17:26:0:70
0.01,-0.06,1.00,		2.08,-2.87,-3.66,		0.000000,0.000000,			17:26:0:70
0.01,-0.05,1.00,		2.01,-2.81,-3.60,		0.000000,0.000000,			17:26:0:80
0.01,-0.05,1.00,		2.08,-2.87,-3.60,		0.000000,0.000000,			17:26:0:80
0.01,-0.05,1.00,		2.14,-2.81,-3.66,		0.000000,0.000000,			17:26:0:80
0.01,-0.05,1.00,		2.08,-2.87,-3.60,		0.000000,0.000000,			17:26:0:90
0.01,-0.05,1.00,		2.08,-2.87,-3.66,		0.000000,0.000000,			17:26:0:90
0.01,-0.05,1.00,		2.08,-2.75,-3.60,		0.000000,0.000000,			17:26:0:90
0.01,-0.05,1.00,		2.14,-2.81,-3.66,		0.000000,0.000000,			17:26:0:90
0.01,-0.05,1.00,		2.14,-2.87,-3.60,		0.000000,0.000000,			17:26:0:90
0.01,-0.05,1.00,		2.01,-2.81,-3.66,		0.000000,0.000000,			17:26:0:90
0.01,-0.05,1.00,		2.08,-2.81,-3.60,		0.000000,0.000000,			17:26:1:0
0.01,-0.06,1.00,		2.08,-2.87,-3.66,		0.000000,0.000000,			17:26:1:0
0.01,-0.05,1.00,		2.08,-2.81,-3.66,		0.000000,0.000000,			17:26:1:0
0.01,-0.05,1.00,		2.01,-2.81,-3.66,		0.000000,0.000000,			17:26:1:20
-0.18,0.37,1.07,		4.76,-2.87,16.97,		0.000000,0.000000,			17:26:1:20
0.17,-0.06,0.99,		0.37,0.12,-54.32,		0.000000,0.000000,			17:26:1:20
0.02,-0.04,1.00,		1.65,-0.73,-64.82,		0.000000,0.000000,			17:26:1:20
0.08,-0.71,0.70,		0.55,1.71,-69.27,		0.000000,0.000000,			17:26:1:20
0.01,-0.08,1.01,		4.33,-1.40,-21.67,		0.000000,0.000000,			17:26:1:20
-0.01,-0.03,1.00,		2.81,-0.67,-23.32,		0.000000,0.000000,			17:26:1:30
0.02,-0.01,1.00,		2.62,-1.40,-25.76,		0.000000,0.000000,			17:26:1:30
0.03,-0.04,1.00,		-1.04,-2.32,-33.81,		0.000000,0.000000,			17:26:1:30
-0.01,-0.10,1.00,		2.08,-1.34,-26.18,		0.000000,0.000000,			17:26:1:50
-0.01,-0.04,0.99,		5.37,-0.67,-22.40,		0.000000,0.000000,			17:26:1:50
-0.01,-0.02,0.99,		0.67,-2.32,-20.20,		0.000000,0.000000,			17:26:1:50
0.08,-0.08,0.99,		0.92,-2.08,-22.58,		0.000000,0.000000,			17:26:1:50
-0.00,-0.07,0.99,		2.56,-2.08,-19.23,		0.000000,0.000000,			17:26:1:50
0.05,-0.08,0.99,		0.12,-2.50,-23.19,		0.000000,0.000000,			17:26:1:60
0.03,-0.10,1.00,		3.30,-2.14,-15.93,		0.000000,0.000000,			17:26:1:60
0.04,-0.10,1.00,		1.95,-2.20,-17.33,		0.000000,0.000000,			17:26:1:60
0.03,-0.05,1.00,		2.32,-2.38,-9.40,		0.000000,0.000000,			17:26:1:80
0.01,-0.07,1.00,		1.89,-2.81,-8.30,		0.000000,0.000000,			17:26:1:80
0.04,-0.13,1.00,		1.95,-2.87,-12.57,		0.000000,0.000000,			17:26:1:80
-0.00,-0.07,1.00,		1.83,-3.05,-6.71,		0.000000,0.000000,			17:26:1:90
0.03,-0.04,1.00,		2.08,-3.23,-2.01,		0.000000,0.000000,			17:26:1:90
0.02,-0.08,1.03,		-1.34,-4.03,-4.27,		0.000000,0.000000,			17:26:1:90
-0.04,-0.03,0.96,		3.78,-8.06,-8.67,		0.000000,0.000000,			17:26:2:0
-0.02,-0.10,0.99,		1.89,-2.26,-10.38,		0.000000,0.000000,			17:26:2:0
0.02,-0.04,1.00,		1.59,-1.28,-12.45,		0.000000,0.000000,			17:26:2:0
0.01,-0.04,1.00,		1.77,-1.95,-7.08,		0.000000,0.000000,			17:26:2:10
0.01,-0.05,1.00,		2.01,-2.62,-5.31,		0.000000,0.000000,			17:26:2:10
0.01,-0.05,1.00,		1.89,-2.99,-4.15,		0.000000,0.000000,			17:26:2:10
0.02,-0.05,0.99,		2.20,-2.99,-3.66,		0.000000,0.000000,			17:26:2:20
0.01,-0.05,1.01,		2.08,-2.62,-4.58,		0.000000,0.000000,			17:26:2:20
0.01,-0.05,1.00,		2.08,-2.62,-4.46,		0.000000,0.000000,			17:26:2:20
0.01,-0.05,1.00,		2.01,-2.69,-4.21,		0.000000,0.000000,			17:26:2:30
0.01,-0.05,1.00,		2.08,-2.69,-4.15,		0.000000,0.000000,			17:26:2:30
0.01,-0.05,1.00,		2.08,-2.69,-4.15,		0.000000,0.000000,			17:26:2:30
0.01,-0.05,1.00,		2.14,-2.75,-3.85,		0.000000,0.000000,			17:26:2:40
0.02,-0.05,0.99,		1.83,-2.99,-3.91,		0.000000,0.000000,			17:26:2:40
0.01,-0.05,1.00,		2.08,-2.87,-3.85,		0.000000,0.000000,			17:26:2:40
0.01,-0.06,1.00,		2.01,-2.87,-3.85,		0.000000,0.000000,			17:26:2:50
0.02,-0.05,1.00,		2.14,-2.81,-3.91,		0.000000,0.000000,			17:26:2:50
0.01,-0.05,1.00,		2.08,-2.87,-3.72,		0.000000,0.000000,			17:26:2:50
0.01,-0.05,1.00,		2.08,-2.87,-3.72,		0.000000,0.000000,			17:26:2:60
0.01,-0.05,1.00,		2.08,-2.87,-3.78,		0.000000,0.000000,			17:26:2:60
0.01,-0.05,1.00,		2.08,-2.87,-3.72,		0.000000,0.000000,			17:26:2:60
0.01,-0.05,1.00,		2.08,-2.87,-3.66,		0.000000,0.000000,			17:26:2:70
0.01,-0.05,1.00,		2.08,-2.87,-3.66,		0.000000,0.000000,			17:26:2:70
0.01,-0.05,1.00,		2.14,-2.87,-3.78,		0.000000,0.000000,			17:26:2:70
0.01,-0.05,1.00,		2.08,-2.81,-3.72,		0.000000,0.000000,			17:26:2:80
0.01,-0.05,1.00,		2.14,-2.87,-3.72,		0.000000,0.000000,			17:26:2:80
0.01,-0.05,1.00,		2.08,-2.81,-3.72,		0.000000,0.000000,			17:26:2:90
0.01,-0.05,1.00,		2.08,-2.87,-3.72,		0.000000,0.000000,			17:26:2:90
0.01,-0.05,1.00,		2.08,-2.93,-3.66,		0.000000,0.000000,			17:26:2:90
0.01,-0.05,1.00,		2.01,-2.87,-3.72,		0.000000,0.000000,			17:26:3:0
0.01,-0.05,1.00,		2.08,-2.81,-3.66,		0.000000,0.000000,			17:26:3:0
0.01,-0.06,1.00,		2.08,-2.93,-3.66,		0.000000,0.000000,			17:26:3:0
0.01,-0.05,1.00,		2.08,-2.99,-3.78,		0.000000,0.000000,			17:26:3:10
0.01,-0.06,1.00,		2.14,-2.93,-3.66,		0.000000,0.000000,			17:26:3:10
0.01,-0.05,1.00,		2.08,-2.81,-3.66,		0.000000,0.000000,			17:26:3:10
0.01,-0.05,1.00,		2.08,-2.87,-3.66,		0.000000,0.000000,			17:26:3:20
0.01,-0.05,1.00,		2.08,-2.87,-3.60,		0.000000,0.000000,			17:26:3:20
0.01,-0.05,1.00,		2.14,-2.87,-3.66,		0.000000,0.000000,			17:26:3:20
0.01,-0.06,1.00,		2.01,-2.93,-3.66,		0.000000,0.000000,			17:26:3:30
0.01,-0.05,1.00,		2.08,-2.87,-3.72,		0.000000,0.000000,			17:26:3:30
0.01,-0.05,1.00,		2.08,-2.81,-3.66,		0.000000,0.000000,			17:26:3:30
0.01,-0.05,1.00,		2.01,-2.87,-3.66,		0.000000,0.000000,			17:26:3:40
0.01,-0.05,1.00,		2.08,-2.93,-3.72,		0.000000,0.000000,			17:26:3:40
0.01,-0.05,1.00,		2.08,-2.87,-3.66,		0.000000,0.000000,			17:26:3:40
0.01,-0.05,1.00,		2.08,-2.87,-3.66,		0.000000,0.000000,			17:26:3:50
0.01,-0.05,1.00,		2.08,-2.81,-3.66,		0.000000,0.000000,			17:26:3:50
0.03,-0.04,0.98,		1.95,-2.81,-3.78,		0.000000,0.000000,			17:26:3:50
0.02,-0.05,0.99,		2.08,-2.81,-3.72,		0.000000,0.000000,			17:26:3:50
0.01,-0.05,1.00,		2.08,-2.81,-3.72,		0.000000,0.000000,			17:26:3:50
0.01,-0.05,1.00,		2.14,-2.87,-3.72,		0.000000,0.000000,			17:26:3:50
0.01,-0.05,1.00,		2.08,-2.87,-3.66,		0.000000,0.000000,			17:26:3:60
0.01,-0.05,1.00,		2.14,-2.93,-3.60,		0.000000,0.000000,			17:26:3:60
0.01,-0.05,1.00,		2.08,-2.87,-3.72,		0.000000,0.000000,			17:26:3:60
0.01,-0.05,1.00,		2.01,-2.81,-3.72,		0.000000,0.000000,			17:26:3:80
0.01,-0.05,1.00,		2.01,-2.87,-3.66,		0.000000,0.000000,			17:26:3:80
0.01,-0.05,1.00,		2.08,-2.81,-3.60,		0.000000,0.000000,			17:26:3:80
0.01,-0.05,1.00,		2.08,-2.87,-3.66,		0.000000,0.000000,			17:26:3:90
0.01,-0.05,1.00,		2.08,-2.93,-3.72,		0.000000,0.000000,			17:26:3:90
0.01,-0.05,1.00,		2.08,-2.87,-3.66,		0.000000,0.000000,			17:26:3:90
0.01,-0.05,1.00,		2.08,-2.87,-3.66,		0.000000,0.000000,			17:26:4:0
0.01,-0.05,1.00,		2.01,-2.81,-3.66,		0.000000,0.000000,			17:26:4:0
0.01,-0.05,1.00,		2.01,-2.81,-3.60,		0.000000,0.000000,			17:26:4:0
0.01,-0.05,1.00,		2.08,-2.99,-3.72,		0.000000,0.000000,			17:26:4:10
0.01,-0.05,1.00,		2.08,-2.81,-3.66,		0.000000,0.000000,			17:26:4:10
0.01,-0.05,1.00,		2.14,-2.87,-3.66,		0.000000,0.000000,			17:26:4:10
0.01,-0.05,1.00,		2.08,-2.87,-3.72,		0.000000,0.000000,			17:26:4:20
0.01,-0.05,1.00,		2.08,-2.81,-3.66,		0.000000,0.000000,			17:26:4:20
0.01,-0.05,1.00,		2.08,-2.87,-3.66,		0.000000,0.000000,			17:26:4:20
0.01,-0.05,1.00,		2.08,-2.87,-3.60,		0.000000,0.000000,			17:26:4:30
0.01,-0.06,1.00,		2.08,-2.87,-3.60,		0.000000,0.000000,			17:26:4:30
0.01,-0.05,1.00,		2.14,-2.87,-3.66,		0.000000,0.000000,			17:26:4:30
0.01,-0.05,1.00,		2.08,-2.87,-3.60,		0.000000,0.000000,			17:26:4:40
0.01,-0.05,1.00,		2.01,-2.87,-3.66,		0.000000,0.000000,			17:26:4:40
0.01,-0.05,1.00,		2.08,-2.81,-3.66,		0.000000,0.000000,			17:26:4:50
0.01,-0.05,1.00,		2.08,-2.87,-3.66,		0.000000,0.000000,			17:26:4:50
0.01,-0.05,1.00,		2.08,-2.87,-3.66,		0.000000,0.000000,			17:26:4:50
0.05,-0.05,1.00,		2.14,-2.99,-3.66,		0.000000,0.000000,			17:26:4:60
0.00,-0.05,1.03,		2.14,-2.87,-3.72,		0.000000,0.000000,			17:26:4:60
0.01,-0.05,1.01,		2.01,-2.87,-3.72,		0.000000,0.000000,			17:26:4:60
0.01,-0.06,0.99,		2.14,-2.93,-3.60,		0.000000,0.000000,			17:26:4:70
0.01,-0.05,1.00,		2.01,-2.75,-3.60,		0.000000,0.000000,			17:26:4:70
0.01,-0.05,1.00,		2.14,-2.87,-3.66,		0.000000,0.000000,			17:26:4:70
0.01,-0.06,1.00,		2.01,-2.87,-3.60,		0.000000,0.000000,			17:26:4:80
0.01,-0.05,1.00,		2.08,-2.81,-3.66,		0.000000,0.000000,			17:26:4:80
0.01,-0.06,0.99,		2.14,-2.87,-3.72,		0.000000,0.000000,			17:26:4:80
0.01,-0.06,1.00,		2.08,-2.81,-3.60,		0.000000,0.000000,			17:26:4:90
0.01,-0.05,1.00,		2.08,-2.87,-3.66,		0.000000,0.000000,			17:26:4:90
0.01,-0.05,1.00,		2.08,-2.87,-3.66,		0.000000,0.000000,			17:26:4:90
0.01,-0.06,1.00,		2.08,-2.93,-3.66,		0.000000,0.000000,			17:26:5:0
0.01,-0.05,1.00,		2.08,-2.87,-3.66,		0.000000,0.000000,			17:26:5:0
0.01,-0.05,1.00,		2.01,-2.93,-3.60,		0.000000,0.000000,			17:26:5:0
0.01,-0.05,1.00,		2.08,-2.81,-3.66,		0.000000,0.000000,			17:26:5:10
0.01,-0.06,1.00,		2.14,-2.99,-3.72,		0.000000,0.000000,			17:26:5:10
0.01,-0.05,1.00,		2.08,-2.87,-3.72,		0.000000,0.000000,			17:26:5:10
0.01,-0.05,1.00,		2.08,-2.81,-3.66,		0.000000,0.000000,			17:26:5:20
0.01,-0.05,1.00,		2.08,-2.81,-3.60,		0.000000,0.000000,			17:26:5:20
0.01,-0.05,1.00,		2.08,-2.87,-3.72,		0.000000,0.000000,			17:26:5:20
0.01,-0.05,1.00,		2.08,-2.81,-3.66,		0.000000,0.000000,			17:26:5:30
0.01,-0.05,1.00,		2.14,-2.87,-3.66,		0.000000,0.000000,			17:26:5:30
0.01,-0.05,1.00,		2.08,-2.93,-3.78,		0.000000,0.000000,			17:26:5:30
0.01,-0.05,1.00,		2.08,-2.81,-3.60,		0.000000,0.000000,			17:26:5:40
0.01,-0.05,1.00,		2.08,-2.87,-3.66,		0.000000,0.000000,			17:26:5:40
0.01,-0.05,1.00,		2.14,-2.87,-3.60,		0.000000,0.000000,			17:26:5:40
0.01,-0.05,1.00,		2.08,-2.81,-3.60,		0.000000,0.000000,			17:26:5:50
0.01,-0.05,1.00,		2.08,-2.87,-3.72,		0.000000,0.000000,			17:26:5:50
0.01,-0.05,1.00,		2.01,-2.81,-3.66,		0.000000,0.000000,			17:26:5:50
0.01,-0.05,1.00,		2.08,-2.87,-3.72,		0.000000,0.000000,			17:26:5:60
0.01,-0.05,1.00,		2.01,-2.87,-3.60,		0.000000,0.000000,			17:26:5:60
0.01,-0.08,1.03,		1.95,-3.23,-3.91,		0.000000,0.000000,			17:26:5:60
0.02,-0.05,1.00,		2.08,-2.87,-3.54,		0.000000,0.000000,			17:26:5:70
0.01,-0.05,0.99,		2.14,-2.87,-3.66,		0.000000,0.000000,			17:26:5:70
0.01,-0.06,1.00,		2.08,-2.81,-3.72,		0.000000,0.000000,			17:26:5:80
0.02,-0.06,1.00,		2.14,-2.81,-3.60,		0.000000,0.000000,			17:26:5:80
0.01,-0.05,1.00,		2.01,-2.81,-3.60,		0.000000,0.000000,			17:26:5:80
0.01,-0.05,1.00,		2.14,-2.87,-3.72,		0.000000,0.000000,			17:26:5:80
0.01,-0.05,1.00,		2.08,-2.87,-3.54,		0.000000,0.000000,			17:26:5:90
0.01,-0.05,1.00,		2.08,-2.81,-3.66,		0.000000,0.000000,			17:26:5:90
0.01,-0.05,1.00,		2.08,-2.87,-3.66,		0.000000,0.000000,			17:26:6:0
0.01,-0.05,1.00,		2.08,-2.81,-3.60,		0.000000,0.000000,			17:26:6:0
0.01,-0.05,1.00,		2.08,-2.87,-3.66,		0.000000,0.000000,			17:26:6:0
0.01,-0.05,1.00,		2.08,-2.87,-3.66,		0.000000,0.000000,			17:26:6:10
0.01,-0.05,1.00,		2.01,-2.81,-3.66,		0.000000,0.000000,			17:26:6:10
0.01,-0.05,1.00,		2.14,-2.81,-3.72,		0.000000,0.000000,			17:26:6:10
0.01,-0.05,1.00,		2.08,-2.81,-3.72,		0.000000,0.000000,			17:26:6:10
0.01,-0.05,1.00,		2.08,-2.87,-3.66,		0.000000,0.000000,			17:26:6:20
0.01,-0.05,1.00,		2.08,-2.87,-3.60,		0.000000,0.000000,			17:26:6:20
0.01,-0.05,1.00,		2.08,-2.81,-3.72,		0.000000,0.000000,			17:26:6:20
0.01,-0.05,1.00,		2.08,-2.87,-3.60,		0.000000,0.000000,			17:26:6:30
0.01,-0.05,1.00,		2.08,-2.87,-3.60,		0.000000,0.000000,			17:26:6:30
0.01,-0.05,1.00,		2.08,-2.87,-3.54,		0.000000,0.000000,			17:26:6:40
0.01,-0.05,1.00,		2.08,-2.93,-3.66,		0.000000,0.000000,			17:26:6:40
0.01,-0.05,1.01,		2.08,-2.93,-3.60,		0.000000,0.000000,			17:26:6:40
0.01,-0.05,1.00,		2.01,-2.87,-3.66,		0.000000,0.000000,			17:26:6:50
0.01,-0.05,1.00,		2.14,-2.87,-3.54,		0.000000,0.000000,			17:26:6:50
0.01,-0.05,1.00,		2.08,-2.87,-3.66,		0.000000,0.000000,			17:26:6:50
0.01,-0.05,1.00,		2.08,-2.81,-3.66,		0.000000,0.000000,			17:26:6:60
0.01,-0.05,1.00,		2.08,-2.87,-3.60,		0.000000,0.000000,			17:26:6:60
0.01,-0.05,1.00,		2.08,-2.81,-3.66,		0.000000,0.000000,			17:26:6:60
-0.00,-0.06,0.98,		2.08,-2.87,-3.66,		0.000000,0.000000,			17:26:6:70
0.04,-0.05,0.95,		2.26,-2.93,-3.66,		0.000000,0.000000,			17:26:6:70
0.01,-0.06,0.99,		2.08,-2.87,-3.66,		0.000000,0.000000,			17:26:6:70
0.01,-0.05,1.00,		2.08,-2.81,-3.66,		0.000000,0.000000,			17:26:6:80
0.01,-0.05,1.00,		2.01,-2.87,-3.72,		0.000000,0.000000,			17:26:6:80
0.01,-0.05,1.00,		2.01,-2.81,-3.66,		0.000000,0.000000,			17:26:6:80
0.01,-0.05,1.00,		2.08,-2.87,-3.60,		0.000000,0.000000,			17:26:6:90
0.01,-0.05,1.00,		2.08,-2.87,-3.72,		0.000000,0.000000,			17:26:6:90
0.01,-0.05,1.00,		2.08,-2.87,-3.60,		0.000000,0.000000,			17:26:6:90
0.01,-0.05,1.00,		2.08,-2.87,-3.60,		0.000000,0.000000,			17:26:7:0
0.01,-0.05,1.00,		2.01,-2.87,-3.60,		0.000000,0.000000,			17:26:7:0
0.01,-0.05,1.00,		2.08,-2.81,-3.66,		0.000000,0.000000,			17:26:7:0
0.01,-0.05,1.00,		2.08,-2.87,-3.66,		0.000000,0.000000,			17:26:7:10
0.01,-0.05,1.00,		2.08,-2.87,-3.60,		0.000000,0.000000,			17:26:7:10
0.01,-0.05,1.00,		1.95,-2.69,-3.54,		0.000000,0.000000,			17:26:7:10
0.01,-0.05,1.00,		2.08,-2.87,-3.66,		0.000000,0.000000,			17:26:7:20
0.04,-0.07,0.97,		2.08,-2.99,-3.72,		0.000000,0.000000,			17:26:7:20
0.01,-0.05,1.02,		2.01,-2.87,-3.66,		0.000000,0.000000,			17:26:7:20
0.01,-0.05,1.01,		2.08,-2.87,-3.60,		0.000000,0.000000,			17:26:7:30
0.01,-0.06,1.00,		2.08,-2.81,-3.72,		0.000000,0.000000,			17:26:7:30
0.02,-0.05,1.00,		2.08,-2.81,-3.60,		0.000000,0.000000,			17:26:7:30
0.01,-0.05,1.00,		2.08,-2.81,-3.60,		0.000000,0.000000,			17:26:7:40
0.01,-0.05,1.00,		2.08,-2.87,-3.66,		0.000000,0.000000,			17:26:7:40
0.01,-0.05,1.00,		2.08,-2.87,-3.66,		0.000000,0.000000,			17:26:7:40
0.02,-0.05,0.99,		2.14,-2.87,-3.66,		0.000000,0.000000,			17:26:7:50
0.01,-0.05,1.01,		2.08,-2.87,-3.66,		0.000000,0.000000,			17:26:7:50
0.01,-0.05,1.00,		1.95,-2.87,-3.66,		0.000000,0.000000,			17:26:7:50
0.01,-0.06,1.00,		2.08,-2.81,-3.72,		0.000000,0.000000,			17:26:7:60
0.01,-0.05,1.00,		2.01,-2.93,-3.66,		0.000000,0.000000,			17:26:7:60
0.01,-0.05,1.00,		2.14,-2.87,-3.60,		0.000000,0.000000,			17:26:7:60
0.01,-0.05,1.00,		2.08,-2.81,-3.60,		0.000000,0.000000,			17:26:7:70
0.01,-0.05,1.00,		2.08,-2.87,-3.66,		0.000000,0.000000,			17:26:7:70
0.01,-0.05,1.02,		2.01,-2.93,-3.66,		0.000000,0.000000,			17:26:7:70
0.01,-0.06,1.00,		2.08,-2.87,-3.60,		0.000000,0.000000,			17:26:7:80
0.01,-0.06,1.00,		2.08,-2.81,-3.66,		0.000000,0.000000,			17:26:7:80
0.01,-0.05,1.00,		2.14,-2.87,-3.60,		0.000000,0.000000,			17:26:7:90
0.01,-0.05,1.00,		2.08,-2.87,-3.60,		0.000000,0.000000,			17:26:7:90
0.01,-0.05,1.00,		2.08,-2.81,-3.60,		0.000000,0.000000,			17:26:7:90
0.01,-0.05,1.00,		2.08,-2.81,-3.66,		0.000000,0.000000,			17:26:8:0
0.01,-0.06,0.98,		2.08,-2.81,-3.66,		0.000000,0.000000,			17:26:8:0
0.02,-0.05,0.98,		2.14,-2.81,-3.66,		0.000000,0.000000,			17:26:8:0
0.01,-0.05,1.01,		2.01,-2.81,-3.72,		0.000000,0.000000,			17:26:8:10
0.01,-0.05,1.00,		2.08,-2.81,-3.60,		0.000000,0.000000,			17:26:8:10
0.01,-0.05,1.00,		2.08,-2.87,-3.66,		0.000000,0.000000,			17:26:8:10
0.01,-0.05,1.00,		2.08,-2.81,-3.66,		0.000000,0.000000,			17:26:8:20
0.01,-0.05,1.00,		2.01,-2.81,-3.66,		0.000000,0.000000,			17:26:8:20
0.01,-0.05,1.00,		2.08,-2.87,-3.72,		0.000000,0.000000,			17:26:8:20
0.01,-0.05,1.00,		2.01,-2.81,-3.60,		0.000000,0.000000,			17:26:8:30
0.01,-0.05,1.01,		2.08,-2.99,-3.60,		0.000000,0.000000,			17:26:8:30
0.01,-0.05,1.00,		2.08,-2.93,-3.66,		0.000000,0.000000,			17:26:8:30
0.01,-0.05,1.00,		2.08,-2.75,-3.66,		0.000000,0.000000,			17:26:8:40
0.01,-0.05,1.00,		2.08,-2.81,-3.66,		0.000000,0.000000,			17:26:8:40
0.01,-0.05,1.00,		2.08,-2.87,-3.60,		0.000000,0.000000,			17:26:8:40
0.01,-0.05,1.00,		2.08,-2.87,-3.60,		0.000000,0.000000,			17:26:8:50
0.01,-0.05,1.00,		2.08,-2.87,-3.66,		0.000000,0.000000,			17:26:8:50
0.01,-0.04,1.02,		2.08,-2.75,-3.72,		0.000000,0.000000,			17:26:8:50
0.01,-0.05,1.00,		2.08,-2.87,-3.66,		0.000000,0.000000,			17:26:8:60
0.01,-0.06,1.00,		2.01,-2.87,-3.60,		0.000000,0.000000,			17:26:8:60
0.01,-0.05,1.00,		2.14,-2.87,-3.66,		0.000000,0.000000,			17:26:8:60
0.01,-0.05,1.00,		2.08,-2.87,-3.60,		0.000000,0.000000,			17:26:8:70
0.01,-0.05,1.00,		2.08,-2.87,-3.66,		0.000000,0.000000,			17:26:8:70
0.01,-0.05,1.00,		2.08,-2.87,-3.66,		0.000000,0.000000,			17:26:8:70
0.01,-0.05,1.00,		2.08,-2.87,-3.66,		0.000000,0.000000,			17:26:8:80
0.02,-0.04,0.98,		2.01,-2.87,-3.72,		0.000000,0.000000,			17:26:8:80
0.01,-0.05,1.01,		2.14,-2.87,-3.72,		0.000000,0.000000,			17:26:8:80
0.01,-0.05,1.00,		2.14,-2.87,-3.72,		0.000000,0.000000,			17:26:8:90
0.01,-0.05,1.00,		2.08,-2.87,-3.66,		0.000000,0.000000,			17:26:8:90
0.01,-0.05,1.00,		2.14,-2.81,-3.66,		0.000000,0.000000,			17:26:8:90
0.01,-0.05,1.00,		2.08,-2.87,-3.66,		0.000000,0.000000,			17:26:9:0
0.01,-0.05,1.00,		2.08,-2.87,-3.66,		0.000000,0.000000,			17:26:9:0
0.01,-0.05,1.00,		2.08,-2.87,-3.66,		0.000000,0.000000,			17:26:9:0
0.01,-0.06,1.01,		2.14,-2.87,-3.66,		0.000000,0.000000,			17:26:9:10
0.01,-0.05,1.00,		2.08,-2.81,-3.66,		0.000000,0.000000,			17:26:9:10
0.01,-0.05,1.00,		2.08,-2.87,-3.66,		0.000000,0.000000,			17:26:9:10
0.01,-0.05,1.00,		2.08,-2.87,-3.72,		0.000000,0.000000,			17:26:9:20
0.01,-0.05,1.00,		2.14,-2.99,-3.66,		0.000000,0.000000,			17:26:9:20
0.01,-0.05,1.00,		2.14,-2.93,-3.60,		0.000000,0.000000,			17:26:9:20
0.01,-0.05,1.00,		2.08,-2.93,-3.66,		0.000000,0.000000,			17:26:9:30
0.01,-0.05,1.00,		2.08,-2.87,-3.72,		0.000000,0.000000,			17:26:9:30
0.01,-0.05,1.00,		2.01,-2.81,-3.60,		0.000000,0.000000,			17:26:9:30
0.01,-0.05,1.00,		2.14,-2.87,-3.66,		0.000000,0.000000,			17:26:9:40
0.01,-0.06,1.00,		2.08,-2.93,-3.66,		0.000000,0.000000,			17:26:9:40
0.01,-0.05,1.00,		2.08,-2.87,-3.54,		0.000000,0.000000,			17:26:9:40
0.01,-0.05,1.00,		2.08,-2.87,-3.66,		0.000000,0.000000,			17:26:9:50
0.01,-0.05,1.00,		2.08,-2.93,-3.60,		0.000000,0.000000,			17:26:9:50
0.01,-0.05,1.00,		2.08,-2.93,-3.66,		0.000000,0.000000,			17:26:9:60
0.01,-0.05,1.00,		2.08,-2.87,-3.54,		0.000000,0.000000,			17:26:9:60
0.01,-0.06,1.00,		2.08,-2.87,-3.66,		0.000000,0.000000,			17:26:9:60
0.02,-0.05,1.00,		2.08,-2.87,-3.60,		0.000000,0.000000,			17:26:9:60
0.01,-0.05,1.00,		2.08,-2.87,-3.66,		0.000000,0.000000,			17:26:9:70
0.01,-0.05,1.00,		2.08,-2.87,-3.66,		0.000000,0.000000,			17:26:9:70
0.01,-0.05,1.00,		2.01,-2.81,-3.66,		0.000000,0.000000,			17:26:9:80
0.01,-0.05,1.00,		2.08,-2.81,-3.66,		0.000000,0.000000,			17:26:9:80
0.01,-0.05,1.00,		2.08,-2.87,-3.66,		0.000000,0.000000,			17:26:9:80
0.02,-0.06,0.99,		2.14,-2.87,-3.60,		0.000000,0.000000,			17:26:9:80
0.01,-0.05,1.01,		2.08,-2.87,-3.66,		0.000000,0.000000,			17:26:9:90
0.01,-0.06,1.00,		2.08,-2.93,-3.60,		0.000000,0.000000,			17:26:9:90
0.01,-0.06,1.00,		2.08,-2.81,-3.66,		0.000000,0.000000,			17:26:9:90
0.01,-0.05,1.00,		2.01,-2.87,-3.66,		0.000000,0.000000,			17:26:10:0
0.01,-0.05,1.00,		2.14,-2.81,-3.60,		0.000000,0.000000,			17:26:10:0
0.01,-0.05,1.00,		2.08,-2.87,-3.66,		0.000000,0.000000,			17:26:10:0
0.01,-0.05,1.00,		2.08,-2.81,-3.66,		0.000000,0.000000,			17:26:10:10
0.01,-0.06,0.98,		2.08,-2.81,-3.72,		0.000000,0.000000,			17:26:10:10
0.02,-0.05,1.00,		2.08,-2.99,-3.66,		0.000000,0.000000,			17:26:10:20
0.01,-0.05,1.00,		2.08,-2.87,-3.66,		0.000000,0.000000,			17:26:10:20
0.01,-0.05,1.00,		2.08,-2.87,-3.66,		0.000000,0.000000,			17:26:10:20
0.01,-0.05,1.00,		2.08,-2.81,-3.66,		0.000000,0.000000,			17:26:10:30
0.01,-0.05,1.00,		2.01,-2.87,-3.60,		0.000000,0.000000,			17:26:10:30
0.01,-0.05,1.00,		2.08,-2.87,-3.60,		0.000000,0.000000,			17:26:10:30
0.01,-0.05,1.00,		2.01,-2.81,-3.60,		0.000000,0.000000,			17:26:10:30
0.02,-0.05,0.98,		2.01,-2.87,-3.66,		0.000000,0.000000,			17:26:10:40
0.02,-0.05,1.00,		2.14,-2.87,-3.60,		0.000000,0.000000,			17:26:10:40
0.01,-0.06,1.00,		2.08,-2.93,-3.60,		0.000000,0.000000,			17:26:10:40
0.02,-0.05,1.00,		2.08,-2.87,-3.60,		0.000000,0.000000,			17:26:10:40
0.01,-0.05,1.00,		2.08,-2.87,-3.66,		0.000000,0.000000,			17:26:10:50
0.01,-0.05,1.00,		2.08,-2.87,-3.60,		0.000000,0.000000,			17:26:10:60
0.01,-0.05,1.00,		2.08,-2.87,-3.60,		0.000000,0.000000,			17:26:10:60
0.01,-0.06,1.00,		2.14,-2.81,-3.66,		0.000000,0.000000,			17:26:10:60
0.01,-0.05,1.00,		2.14,-2.87,-3.60,		0.000000,0.000000,			17:26:10:70
0.01,-0.05,1.00,		2.08,-2.75,-3.60,		0.000000,0.000000,			17:26:10:70
0.01,-0.05,1.00,		2.08,-2.87,-3.60,		0.000000,0.000000,			17:26:10:70
0.02,-0.05,1.00,		2.08,-2.87,-3.72,		0.000000,0.000000,			17:26:10:80
0.01,-0.05,1.00,		2.08,-2.87,-3.66,		0.000000,0.000000,			17:26:10:80
0.01,-0.05,1.00,		2.01,-2.81,-3.66,		0.000000,0.000000,			17:26:10:80
0.01,-0.05,1.00,		2.08,-2.81,-3.66,		0.000000,0.000000,			17:26:10:90
-0.00,-0.07,0.97,		1.95,-2.62,-3.66,		0.000000,0.000000,			17:26:10:90
0.02,-0.06,0.99,		2.08,-2.81,-3.60,		0.000000,0.000000,			17:26:10:90
0.01,-0.06,1.00,		2.01,-2.81,-3.66,		0.000000,0.000000,			17:26:11:0
0.01,-0.05,1.00,		2.08,-2.87,-3.66,		0.000000,0.000000,			17:26:11:0
0.01,-0.05,1.00,		2.08,-2.87,-3.60,		0.000000,0.000000,			17:26:11:0
0.01,-0.05,1.00,		2.08,-2.81,-3.72,		0.000000,0.000000,			17:26:11:10
0.01,-0.05,1.00,		2.08,-2.93,-3.66,		0.000000,0.000000,			17:26:11:10
0.01,-0.05,1.00,		2.08,-2.87,-3.66,		0.000000,0.000000,			17:26:11:10
0.01,-0.05,1.01,		2.01,-2.93,-3.66,		0.000000,0.000000,			17:26:11:20
0.01,-0.05,1.01,		2.01,-2.87,-3.66,		0.000000,0.000000,			17:26:11:20
0.01,-0.05,1.00,		2.01,-2.75,-3.66,		0.000000,0.000000,			17:26:11:20
0.01,-0.05,1.00,		2.08,-2.81,-3.60,		0.000000,0.000000,			17:26:11:30
0.01,-0.05,1.00,		2.14,-2.87,-3.72,		0.000000,0.000000,			17:26:11:30
0.01,-0.05,1.00,		2.08,-2.93,-3.60,		0.000000,0.000000,			17:26:11:30
0.01,-0.05,1.00,		2.14,-2.87,-3.60,		0.000000,0.000000,			17:26:11:40
0.00,-0.03,1.04,		2.01,-2.56,-3.78,		0.000000,0.000000,			17:26:11:40
0.02,-0.06,1.00,		2.14,-2.87,-3.72,		0.000000,0.000000,			17:26:11:40
0.02,-0.05,1.00,		2.08,-2.87,-3.66,		0.000000,0.000000,			17:26:11:50
0.01,-0.05,1.00,		2.08,-2.87,-3.66,		0.000000,0.000000,			17:26:11:50
0.01,-0.05,1.00,		2.08,-2.87,-3.66,		0.000000,0.000000,			17:26:11:50
0.01,-0.05,1.00,		2.08,-2.93,-3.66,		0.000000,0.000000,			17:26:11:50
0.01,-0.05,1.00,		2.14,-2.87,-3.60,		0.000000,0.000000,			17:26:11:60
0.01,-0.05,1.00,		2.08,-2.87,-3.66,		0.000000,0.000000,			17:26:11:60
0.01,-0.07,0.96,		2.08,-2.87,-3.72,		0.000000,0.000000,			17:26:11:70
0.02,-0.04,1.00,		2.01,-2.87,-3.72,		0.000000,0.000000,			17:26:11:70
0.02,-0.05,1.00,		2.08,-2.81,-3.66,		0.000000,0.000000,			17:26:11:70
0.01,-0.05,1.00,		2.14,-2.87,-3.66,		0.000000,0.000000,			17:26:11:70
0.01,-0.05,1.00,		2.08,-2.81,-3.60,		0.000000,0.000000,			17:26:11:80
0.01,-0.05,1.00,		2.08,-2.81,-3.60,		0.000000,0.000000,			17:26:11:90
0.01,-0.05,1.00,		2.01,-2.69,-3.60,		0.000000,0.000000,			17:26:11:90
0.01,-0.05,1.00,		2.01,-2.87,-3.66,		0.000000,0.000000,			17:26:11:90
0.01,-0.05,1.02,		2.01,-2.75,-3.72,		0.000000,0.000000,			17:26:11:90
0.01,-0.05,1.01,		2.08,-2.81,-3.66,		0.000000,0.000000,			17:26:11:90
0.01,-0.06,1.00,		2.01,-2.81,-3.66,		0.000000,0.000000,			17:26:12:0
0.01,-0.05,1.00,		2.14,-2.81,-3.60,		0.000000,0.000000,			17:26:12:10
0.01,-0.05,1.00,		2.14,-2.93,-3.66,		0.000000,0.000000,			17:26:12:10
0.01,-0.05,1.00,		2.08,-2.93,-3.66,		0.000000,0.000000,			17:26:12:10
0.01,-0.05,1.00,		2.14,-2.87,-3.66,		0.000000,0.000000,			17:26:12:10
0.01,-0.05,1.00,		2.08,-2.81,-3.60,		0.000000,0.000000,			17:26:12:10
0.00,-0.05,1.00,		2.08,-2.75,-3.66,		0.000000,0.000000,			17:26:12:20
0.02,-0.05,1.00,		2.14,-2.87,-3.66,		0.000000,0.000000,			17:26:12:30
0.01,-0.05,1.00,		2.01,-2.87,-3.66,		0.000000,0.000000,			17:26:12:30
0.01,-0.05,1.00,		2.08,-2.87,-3.72,		0.000000,0.000000,			17:26:12:30
0.01,-0.05,1.00,		2.08,-2.87,-3.66,		0.000000,0.000000,			17:26:12:30
0.01,-0.05,1.00,		2.08,-2.87,-3.60,		0.000000,0.000000,			17:26:12:40
0.01,-0.05,1.00,		2.08,-2.81,-3.60,		0.000000,0.000000,			17:26:12:40
0.01,-0.06,0.98,		2.01,-2.81,-3.66,		0.000000,0.000000,			17:26:12:50
0.01,-0.05,1.00,		2.14,-2.87,-3.66,		0.000000,0.000000,			17:26:12:50
0.01,-0.05,1.00,		2.08,-2.81,-3.60,		0.000000,0.000000,			17:26:12:50
0.01,-0.05,1.00,		2.08,-2.87,-3.60,		0.000000,0.000000,			17:26:12:50
0.01,-0.05,1.00,		2.08,-2.81,-3.60,		0.000000,0.000000,			17:26:12:60
0.01,-0.05,1.00,		2.08,-2.81,-3.60,		0.000000,0.000000,			17:26:12:60
0.01,-0.05,1.00,		2.08,-2.81,-3.60,		0.000000,0.000000,			17:26:12:70
0.01,-0.05,1.02,		2.14,-2.87,-3.66,		0.000000,0.000000,			17:26:12:70
0.01,-0.05,1.00,		2.08,-2.87,-3.54,		0.000000,0.000000,			17:26:12:70
0.01,-0.05,1.00,		2.08,-2.81,-3.72,		0.000000,0.000000,			17:26:12:70
0.01,-0.05,1.00,		2.08,-2.87,-3.66,		0.000000,0.000000,			17:26:12:80
0.01,-0.05,1.00,		2.08,-2.81,-3.66,		0.000000,0.000000,			17:26:12:80
0.01,-0.05,1.00,		2.08,-2.81,-3.60,		0.000000,0.000000,			17:26:12:90
0.01,-0.05,1.00,		2.08,-2.81,-3.66,		0.000000,0.000000,			17:26:12:90
0.01,-0.05,1.00,		2.08,-2.81,-3.60,		0.000000,0.000000,			17:26:12:90
0.01,-0.05,1.01,		2.14,-2.87,-3.66,		0.000000,0.000000,			17:26:12:90
0.01,-0.05,1.00,		2.08,-2.81,-3.66,		0.000000,0.000000,			17:26:13:0
0.01,-0.05,1.00,		2.08,-2.81,-3.60,		0.000000,0.000000,			17:26:13:0
0.01,-0.05,1.00,		2.14,-2.87,-3.66,		0.000000,0.000000,			17:26:13:10
0.01,-0.05,1.00,		2.14,-2.81,-3.66,		0.000000,0.000000,			17:26:13:10
0.01,-0.05,1.00,		2.08,-2.87,-3.66,		0.000000,0.000000,			17:26:13:10
0.01,-0.05,1.00,		2.08,-2.87,-3.66,		0.000000,0.000000,			17:26:13:10
0.01,-0.05,1.00,		2.14,-2.87,-3.66,		0.000000,0.000000,			17:26:13:20
0.01,-0.05,1.00,		2.08,-2.81,-3.66,		0.000000,0.000000,			17:26:13:20
0.01,-0.05,1.00,		2.08,-2.81,-3.66,		0.000000,0.000000,			17:26:13:30
0.01,-0.05,1.00,		2.08,-2.87,-3.72,		0.000000,0.000000,			17:26:13:30
0.01,-0.05,1.00,		2.08,-2.81,-3.72,		0.000000,0.000000,			17:26:13:30
0.01,-0.05,1.00,		2.08,-2.87,-3.66,		0.000000,0.000000,			17:26:13:30
0.01,-0.05,1.00,		2.08,-2.81,-3.66,		0.000000,0.000000,			17:26:13:40
0.01,-0.05,1.00,		2.08,-2.87,-3.66,		0.000000,0.000000,			17:26:13:50
0.01,-0.05,1.00,		2.08,-2.87,-3.72,		0.000000,0.000000,			17:26:13:50
0.01,-0.06,0.99,		2.08,-2.87,-3.66,		0.000000,0.000000,			17:26:13:50
0.01,-0.05,1.00,		2.08,-2.87,-3.66,		0.000000,0.000000,			17:26:13:50
0.01,-0.05,1.00,		2.01,-2.87,-3.60,		0.000000,0.000000,			17:26:13:50
0.01,-0.05,1.00,		2.08,-2.87,-3.66,		0.000000,0.000000,			17:26:13:60
0.01,-0.06,1.00,		2.01,-2.87,-3.72,		0.000000,0.000000,			17:26:13:70
0.01,-0.05,1.00,		2.14,-2.81,-3.60,		0.000000,0.000000,			17:26:13:70
0.01,-0.05,1.00,		2.08,-2.87,-3.72,		0.000000,0.000000,			17:26:13:70
0.01,-0.05,1.00,		2.08,-2.81,-3.72,		0.000000,0.000000,			17:26:13:70
0.01,-0.06,1.00,		2.01,-2.87,-3.66,		0.000000,0.000000,			17:26:13:70
0.01,-0.06,0.99,		2.08,-2.93,-3.66,		0.000000,0.000000,			17:26:13:80
0.01,-0.05,1.00,		2.08,-2.87,-3.60,		0.000000,0.000000,			17:26:13:90
0.01,-0.05,1.00,		2.14,-2.87,-3.72,		0.000000,0.000000,			17:26:13:90
0.01,-0.06,1.00,		2.08,-2.81,-3.72,		0.000000,0.000000,			17:26:13:90
0.01,-0.05,1.00,		2.08,-2.81,-3.66,		0.000000,0.000000,			17:26:13:90
0.01,-0.05,1.00,		2.01,-2.81,-3.66,		0.000000,0.000000,			17:26:14:0
0.01,-0.05,1.00,		2.08,-2.81,-3.72,		0.000000,0.000000,			17:26:14:0
0.01,-0.05,1.00,		2.14,-2.87,-3.60,		0.000000,0.000000,			17:26:14:10
0.01,-0.05,0.99,		2.08,-2.87,-3.66,		0.000000,0.000000,			17:26:14:10
0.01,-0.05,1.00,		2.08,-2.87,-3.66,		0.000000,0.000000,			17:26:14:10
0.01,-0.05,1.00,		2.14,-2.81,-3.66,		0.000000,0.000000,			17:26:14:10
0.01,-0.05,1.00,		2.08,-2.81,-3.54,		0.000000,0.000000,			17:26:14:20
0.01,-0.05,1.00,		2.14,-2.87,-3.66,		0.000000,0.000000,			17:26:14:20
0.01,-0.05,1.00,		2.08,-2.81,-3.66,		0.000000,0.000000,			17:26:14:30
0.01,-0.05,1.00,		2.14,-2.87,-3.54,		0.000000,0.000000,			17:26:14:30
0.01,-0.05,1.01,		2.01,-2.87,-3.66,		0.000000,0.000000,			17:26:14:30
0.01,-0.05,1.00,		2.08,-2.87,-3.60,		0.000000,0.000000,			17:26:14:30
0.01,-0.05,1.00,		2.01,-2.81,-3.72,		0.000000,0.000000,			17:26:14:40
0.01,-0.05,1.00,		2.08,-2.81,-3.66,		0.000000,0.000000,			17:26:14:40
0.01,-0.05,1.00,		2.08,-2.87,-3.66,		0.000000,0.000000,			17:26:14:50
0.01,-0.05,1.00,		2.08,-2.87,-3.60,		0.000000,0.000000,			17:26:14:50
0.01,-0.05,1.00,		2.08,-2.87,-3.72,		0.000000,0.000000,			17:26:14:50
0.01,-0.05,1.00,		2.01,-2.87,-3.66,		0.000000,0.000000,			17:26:14:50
0.01,-0.05,1.01,		2.08,-2.87,-3.60,		0.000000,0.000000,			17:26:14:60
0.01,-0.05,1.00,		2.14,-2.87,-3.60,		0.000000,0.000000,			17:26:14:60
0.01,-0.06,1.00,		2.14,-2.87,-3.66,		0.000000,0.000000,			17:26:14:70
0.01,-0.05,1.00,		2.14,-2.87,-3.72,		0.000000,0.000000,			17:26:14:70
0.01,-0.05,1.00,		2.08,-2.87,-3.60,		0.000000,0.000000,			17:26:14:70
0.01,-0.05,1.00,		2.14,-2.87,-3.66,		0.000000,0.000000,			17:26:14:70
0.01,-0.05,1.00,		2.08,-2.87,-3.66,		0.000000,0.000000,			17:26:14:80
0.02,-0.06,1.00,		2.08,-2.87,-3.72,		0.000000,0.000000,			17:26:14:80
0.01,-0.06,1.00,		2.01,-2.87,-3.66,		0.000000,0.000000,			17:26:14:90
0.01,-0.05,1.00,		2.08,-2.87,-3.66,		0.000000,0.000000,			17:26:14:90
0.01,-0.05,1.00,		2.14,-2.87,-3.72,		0.000000,0.000000,			17:26:14:90
0.01,-0.05,1.00,		2.08,-2.87,-3.66,		0.000000,0.000000,			17:26:14:90
0.01,-0.05,1.00,		2.08,-2.87,-3.72,		0.000000,0.000000,			17:26:15:0
0.01,-0.05,1.00,		2.08,-2.87,-3.54,		0.000000,0.000000,			17:26:15:0
0.01,-0.05,1.00,		2.08,-2.81,-3.66,		0.000000,0.000000,			17:26:15:0
0.01,-0.05,1.00,		2.08,-2.87,-3.54,		0.000000,0.000000,			17:26:15:0
0.01,-0.05,1.00,		2.01,-2.93,-3.54,		0.000000,0.000000,			17:26:15:0
0.01,-0.05,1.00,		2.08,-2.87,-3.66,		0.000000,0.000000,			17:26:15:20
0.01,-0.05,1.00,		2.01,-2.87,-3.60,		0.000000,0.000000,			17:26:15:20
0.01,-0.05,1.00,		2.08,-2.93,-3.66,		0.000000,0.000000,			17:26:15:20
0.01,-0.05,1.00,		2.01,-2.87,-3.66,		0.000000,0.000000,			17:26:15:20
0.01,-0.05,1.00,		2.08,-2.87,-3.72,		0.000000,0.000000,			17:26:15:20
0.01,-0.05,1.00,		2.14,-2.87,-3.72,		0.000000,0.000000,			17:26:15:30
0.01,-0.05,1.00,		2.08,-2.87,-3.66,		0.000000,0.000000,			17:26:15:30
0.01,-0.06,1.00,		2.08,-2.87,-3.66,		0.000000,0.000000,			17:26:15:30
0.01,-0.05,1.00,		2.01,-2.81,-3.60,		0.000000,0.000000,			17:26:15:50
0.01,-0.05,1.00,		2.01,-2.87,-3.72,		0.000000,0.000000,			17:26:15:50
0.01,-0.05,1.00,		2.08,-2.81,-3.60,		0.000000,0.000000,			17:26:15:50
0.01,-0.05,1.00,		2.08,-2.87,-3.60,		0.000000,0.000000,			17:26:15:50
0.01,-0.05,1.00,		2.08,-2.87,-3.66,		0.000000,0.000000,			17:26:15:50
0.02,-0.05,1.01,		2.01,-2.87,-3.60,		0.000000,0.000000,			17:26:15:60
0.01,-0.05,1.00,		2.08,-2.93,-3.66,		0.000000,0.000000,			17:26:15:60
0.01,-0.05,1.00,		2.08,-2.87,-3.66,		0.000000,0.000000,			17:26:15:60
0.01,-0.05,1.00,		2.08,-2.93,-3.66,		0.000000,0.000000,			17:26:15:60
0.01,-0.05,1.00,		2.08,-2.87,-3.60,		0.000000,0.000000,			17:26:15:80
0.01,-0.05,1.00,		2.14,-2.87,-3.66,		0.000000,0.000000,			17:26:15:80
0.01,-0.05,1.00,		2.08,-2.81,-3.60,		0.000000,0.000000,			17:26:15:80
0.01,-0.05,1.00,		2.08,-2.87,-3.54,		0.000000,0.000000,			17:26:15:80
0.01,-0.06,0.99,		2.08,-2.81,-3.66,		0.000000,0.000000,			17:26:15:90
0.01,-0.05,1.00,		2.14,-2.87,-3.60,		0.000000,0.000000,			17:26:15:90
0.01,-0.06,1.00,		2.01,-2.75,-3.54,		0.000000,0.000000,			17:26:16:0
0.01,-0.05,1.00,		2.08,-2.87,-3.60,		0.000000,0.000000,			17:26:16:0
0.01,-0.05,1.00,		2.08,-2.81,-3.66,		0.000000,0.000000,			17:26:16:0
0.01,-0.05,1.00,		2.08,-2.81,-3.66,		0.000000,0.000000,			17:26:16:0
0.01,-0.05,1.00,		2.08,-2.81,-3.60,		0.000000,0.000000,			17:26:16:10
0.01,-0.05,1.00,		2.08,-2.93,-3.66,		0.000000,0.000000,			17:26:16:10
0.01,-0.05,0.99,		2.01,-2.87,-3.60,		0.000000,0.000000,			17:26:16:10
0.01,-0.05,1.00,		2.08,-2.81,-3.60,		0.000000,0.000000,			17:26:16:10
0.01,-0.05,1.00,		2.01,-2.93,-3.66,		0.000000,0.000000,			17:26:16:10
0.01,-0.05,1.00,		2.08,-2.87,-3.66,		0.000000,0.000000,			17:26:16:30
0.01,-0.05,1.00,		2.01,-2.87,-3.60,		0.000000,0.000000,			17:26:16:30
0.01,-0.05,1.00,		2.08,-2.87,-3.66,		0.000000,0.000000,			17:26:16:30
0.01,-0.05,1.00,		2.01,-2.81,-3.66,		0.000000,0.000000,			17:26:16:30
0.01,-0.05,1.00,		2.01,-2.81,-3.54,		0.000000,0.000000,			17:26:16:40
0.01,-0.05,1.00,		2.08,-2.87,-3.60,		0.000000,0.000000,			17:26:16:40
0.01,-0.05,1.00,		2.08,-2.87,-3.60,		0.000000,0.000000,			17:26:16:40
0.01,-0.05,1.00,		2.08,-2.87,-3.66,		0.000000,0.000000,			17:26:16:40
0.01,-0.05,1.00,		2.08,-2.93,-3.66,		0.000000,0.000000,			17:26:16:40
0.01,-0.05,1.00,		2.14,-2.87,-3.66,		0.000000,0.000000,			17:26:16:60
