0.02,-0.01,1.00,		1.16,-4.64,-2.50,		0.000000,0.000000,			0:0:0:0
0.01,-0.01,1.00,		0.98,-4.70,-2.50,		0.000000,0.000000,			0:0:0:0
0.02,-0.01,0.99,		1.10,-4.70,-2.50,		0.000000,0.000000,			0:0:0:0
0.02,-0.01,0.99,		1.10,-4.70,-2.56,		0.000000,0.000000,			0:0:0:0
0.02,-0.01,0.99,		1.10,-4.70,-2.50,		0.000000,0.000000,			0:0:0:0
0.02,-0.01,1.00,		1.10,-4.64,-2.56,		0.000000,0.000000,			0:0:0:0
0.02,-0.01,1.00,		1.04,-4.70,-2.50,		0.000000,0.000000,			0:0:0:0
0.02,-0.01,0.99,		1.10,-4.58,-2.44,		0.000000,0.000000,			0:0:0:0
0.02,-0.01,1.00,		1.16,-4.64,-2.56,		0.000000,0.000000,			0:0:0:0
0.02,-0.01,0.99,		1.04,-4.76,-2.56,		0.000000,0.000000,			0:0:0:0
0.01,-0.01,0.99,		1.10,-4.64,-2.56,		0.000000,0.000000,			0:0:0:0
0.02,-0.01,0.99,		1.04,-4.70,-2.50,		0.000000,0.000000,			0:0:0:0
0.01,-0.01,1.00,		1.04,-4.70,-2.56,		0.000000,0.000000,			0:0:0:0
0.01,-0.01,0.99,		1.04,-4.70,-2.50,		0.000000,0.000000,			0:0:0:0
0.02,-0.01,1.00,		1.16,-4.70,-2.50,		0.000000,0.000000,			0:0:0:0
0.02,-0.02,0.99,		1.10,-4.70,-2.44,		0.000000,0.000000,			0:0:0:0
0.02,-0.01,0.99,		1.10,-4.64,-2.56,		0.000000,0.000000,			0:0:0:0
0.01,-0.01,1.00,		1.16,-4.76,-2.56,		0.000000,0.000000,			0:0:0:0
0.02,-0.01,1.00,		1.04,-4.76,-2.50,		0.000000,0.000000,			0:0:0:0
0.02,-0.01,0.99,		1.04,-4.70,-2.44,		0.000000,0.000000,			0:0:0:0
0.08,-0.01,1.01,		1.16,-4.39,-2.50,		0.000000,0.000000,			0:0:0:0
0.08,-0.00,1.00,		1.04,-4.94,-2.50,		0.000000,0.000000,			0:0:0:0
0.09,-0.01,0.98,		0.98,-4.94,-2.50,		0.000000,0.000000,			0:0:0:0
0.08,-0.01,1.00,		0.92,-4.70,-2.38,		0.000000,0.000000,			0:0:0:0
0.09,-0.01,0.98,		1.10,-4.64,-2.44,		0.000000,0.000000,			0:0:0:0
0.09,-0.01,1.01,		1.16,-3.60,-2.20,		0.000000,0.000000,			0:0:0:0
0.08,-0.01,1.00,		0.92,-4.94,-2.50,		0.000000,0.000000,			0:0:0:0
0.08,0.00,0.99,		1.16,-4.70,-2.38,		0.000000,0.000000,			0:0:0:0
0.09,-0.01,1.00,		0.85,-4.82,-2.44,		0.000000,0.000000,			0:0:0:0
0.09,-0.01,0.97,		0.92,-5.19,-2.56,		0.000000,0.000000,			0:0:0:0
0.08,-0.01,0.99,		1.40,-4.39,-2.38,		0.000000,0.000000,			0:0:0:0
0.08,-0.01,1.01,		1.04,-4.52,-2.38,		0.000000,0.000000,			0:0:0:0
0.08,-0.00,0.99,		0.85,-4.82,-2.38,		0.000000,0.000000,			0:0:0:0
0.09,-0.01,0.99,		1.04,-4.58,-2.38,		0.000000,0.000000,			0:0:0:0
0.08,-0.01,0.99,		1.16,-4.39,-2.44,		0.000000,0.000000,			0:0:0:0
0.09,-0.00,1.00,		1.22,-4.39,-2.44,		0.000000,0.000000,			0:0:0:0
0.08,-0.01,1.00,		1.04,-4.52,-2.50,		0.000000,0.000000,			0:0:0:0
0.08,-0.01,0.99,		0.92,-5.00,-2.50,		0.000000,0.000000,			0:0:0:0
0.09,-0.01,0.98,		1.10,-4.58,-2.44,		0.000000,0.000000,			0:0:0:0
0.08,-0.01,0.98,		1.16,-4.70,-2.44,		0.000000,0.000000,			0:0:0:0
