0.01,-0.04,1.00,		2.20,-3.11,-4.03,		0.000000,0.000000,			0:0:0:0
0.01,-0.04,0.99,		2.20,-3.11,-4.03,		0.000000,0.000000,			0:0:0:0
0.01,-0.04,1.00,		2.32,-2.99,-4.03,		0.000000,0.000000,			0:0:0:0
0.01,-0.04,1.00,		2.26,-2.99,-4.03,		0.000000,0.000000,			0:0:0:0
0.01,-0.04,1.00,		2.20,-3.11,-4.03,		0.000000,0.000000,			0:0:0:0
0.01,-0.04,1.00,		2.20,-2.99,-3.97,		0.000000,0.000000,			0:0:0:0
0.01,-0.04,1.00,		2.26,-2.99,-3.97,		0.000000,0.000000,			0:0:0:0
0.01,-0.04,1.00,		2.26,-3.11,-4.03,		0.000000,0.000000,			0:0:0:0
0.01,-0.04,1.00,		2.26,-2.99,-3.97,		0.000000,0.000000,			0:0:0:0
0.01,-0.04,1.00,		2.20,-2.99,-4.09,		0.000000,0.000000,			0:0:0:0
0.01,-0.04,1.00,		2.20,-3.05,-4.03,		0.000000,0.000000,			0:0:0:0
0.01,-0.04,0.99,		2.20,-3.05,-4.09,		0.000000,0.000000,			0:0:0:0
0.01,-0.04,1.00,		2.20,-2.99,-4.03,		0.000000,0.000000,			0:0:0:0
0.01,-0.04,1.00,		2.20,-3.11,-4.09,		0.000000,0.000000,			0:0:0:0
0.01,-0.04,1.00,		2.20,-2.99,-4.09,		0.000000,0.000000,			0:0:0:0
0.01,-0.04,1.00,		2.20,-2.99,-4.09,		0.000000,0.000000,			0:0:0:0
0.01,-0.04,1.00,		2.20,-2.99,-4.03,		0.000000,0.000000,			0:0:0:0
0.01,-0.04,1.00,		2.20,-3.11,-4.03,		0.000000,0.000000,			0:0:0:0
0.01,-0.04,0.99,		2.20,-3.05,-4.09,		0.000000,0.000000,			0:0:0:0
0.01,-0.04,1.00,		2.20,-2.99,-4.03,		0.000000,0.000000,			0:0:0:0
